1876.000000 82.568435
1877.000000 82.013768
1878.000000 77.689358
1879.000000 86.548553
1880.000000 83.220209
1881.000000 81.942428
1882.000000 86.967521
1883.000000 75.062009
1884.000000 88.930131
1885.000000 89.633641
1886.000000 100.702584
1887.000000 89.076327
1888.000000 97.081082
1889.000000 94.888284
1890.000000 104.150006
1891.000000 99.743234
1892.000000 107.067974
1893.000000 107.053095
1894.000000 112.742287
1895.000000 107.317111
1896.000000 105.641817
1897.000000 110.882581
1898.000000 109.348499
1899.000000 104.242482
1900.000000 107.221972
1901.000000 109.368439
1902.000000 107.238999
1903.000000 104.328920
1904.000000 107.905464
1905.000000 106.710146
1906.000000 102.450039
1907.000000 110.907558
1908.000000 113.213624
1909.000000 108.255435
1910.000000 106.628120
1911.000000 109.550376
1912.000000 104.433307
1913.000000 103.803535
1914.000000 99.880198
1915.000000 96.868435
1916.000000 91.012810
1917.000000 86.945824
1918.000000 88.597210
1919.000000 84.211902
1920.000000 80.822144
1921.000000 81.551281
1922.000000 78.168951
1923.000000 77.820355
1924.000000 76.367073
1925.000000 76.112304
1926.000000 74.954303
1927.000000 77.376315
1928.000000 73.533575
1929.000000 72.563627
1930.000000 70.013297
1931.000000 72.845701
1932.000000 71.752129
1933.000000 70.603782
1934.000000 74.155435
1935.000000 63.790307
1936.000000 65.261030
1937.000000 67.119011
1938.000000 64.966162
1939.000000 63.403120
1940.000000 67.848936
1941.000000 66.313527
1942.000000 66.813919
1943.000000 62.906891
1944.000000 66.192910
1945.000000 66.780287
1946.000000 62.305674
1947.000000 61.988359
1948.000000 66.152366
1949.000000 63.847925
1950.000000 63.638363
1951.000000 68.162190
1952.000000 64.874233
1953.000000 65.277604
1954.000000 64.183844
1955.000000 64.029541
1956.000000 61.729083
1957.000000 62.450175
1958.000000 65.397643
1959.000000 64.723187
1960.000000 60.919070
1961.000000 60.886703
1962.000000 64.390564
1963.000000 62.570761
1964.000000 60.187184
1965.000000 66.676393
1966.000000 60.003138
1967.000000 61.188796
1968.000000 64.288583
1969.000000 62.094487
1970.000000 60.892139
1971.000000 64.052051
1972.000000 59.405499
1973.000000 59.878210
1974.000000 59.398946
1975.000000 60.073018
1976.000000 58.844224
1977.000000 60.938041
1978.000000 60.994581
1979.000000 63.277957
1980.000000 59.132953
1981.000000 60.287899
1982.000000 60.783176
1983.000000 60.692160
1984.000000 62.456408
1985.000000 55.589579
1986.000000 59.746222
1987.000000 60.395028
1988.000000 61.056448
1989.000000 60.829765
1990.000000 57.182645
1991.000000 59.216579
1992.000000 58.656555
1993.000000 59.478472
1994.000000 58.725349
1995.000000 59.265590
1996.000000 58.948541
1997.000000 56.861292
1998.000000 57.683443
1999.000000 61.056924
2000.000000 59.694157
2001.000000 59.357917
2002.000000 58.274507
2003.000000 57.410601
2004.000000 58.667802
2005.000000 56.314366
2006.000000 57.006809
2007.000000 56.821357
2008.000000 54.776941
2009.000000 56.426250
2010.000000 57.144710
2011.000000 58.147907
2012.000000 58.591252
2013.000000 55.736658
2014.000000 54.939344
2015.000000 54.426127
2016.000000 53.420204
2017.000000 54.229507
2018.000000 54.349241
2019.000000 55.068076
2020.000000 52.108783
2021.000000 52.772945
2022.000000 53.403560
2023.000000 51.752541
2024.000000 54.518095
2025.000000 56.654760
2026.000000 54.687176
2027.000000 53.938466
2028.000000 54.776051
2029.000000 54.982255
2030.000000 54.325341
2031.000000 53.611123
2032.000000 57.430478
2033.000000 55.120781
2034.000000 57.354936
2035.000000 57.257579
2036.000000 59.190602
2037.000000 56.231270
2038.000000 58.135660
2039.000000 55.544865
2040.000000 56.423353
2041.000000 56.132195
2042.000000 57.199695
2043.000000 54.871073
2044.000000 54.686879
2045.000000 52.212607
2046.000000 49.983396
2047.000000 47.509750
2048.000000 53.248398
2049.000000 53.980151
2050.000000 55.071973
2051.000000 52.421350
2052.000000 56.512017
2053.000000 56.154361
2054.000000 54.592771
2055.000000 55.101965
2056.000000 52.456778
2057.000000 53.597783
2058.000000 59.529177
2059.000000 56.312694
2060.000000 57.043674
2061.000000 57.573011
2062.000000 56.818163
2063.000000 55.684648
2064.000000 52.071129
2065.000000 52.378681
2066.000000 55.188435
2067.000000 55.222918
2068.000000 58.451117
2069.000000 56.731178
2070.000000 56.244876
2071.000000 59.244103
2072.000000 57.871285
2073.000000 58.769010
2074.000000 58.116345
2075.000000 58.973409
2076.000000 57.658200
2077.000000 60.402830
2078.000000 61.140793
2079.000000 59.255390
2080.000000 59.471067
2081.000000 56.933156
2082.000000 55.764690
2083.000000 58.455975
2084.000000 58.121078
2085.000000 58.698044
2086.000000 58.837453
2087.000000 58.467847
2088.000000 57.616453
2089.000000 52.649087
2090.000000 44.363076
2091.000000 56.487929
2092.000000 57.435048
2093.000000 57.111008
2094.000000 57.068082
2095.000000 56.907335
2096.000000 55.329421
2097.000000 56.695008
2098.000000 55.526252
2099.000000 57.338682
2100.000000 55.595258
2101.000000 55.267578
2102.000000 55.586822
2103.000000 54.521446
2104.000000 55.622829
2105.000000 56.049857
2106.000000 53.430483
2107.000000 55.628600
2108.000000 56.117769
2109.000000 55.911963
2110.000000 53.899344
2111.000000 54.131658
2112.000000 54.469663
2113.000000 53.687571
2114.000000 51.833785
2115.000000 55.020909
2116.000000 52.829531
2117.000000 53.201129
2118.000000 52.899185
2119.000000 53.510634
2120.000000 51.445801
2121.000000 51.881413
2122.000000 52.609050
2123.000000 52.916649
2124.000000 51.681708
2125.000000 52.159637
2126.000000 52.331576
2127.000000 51.583687
2128.000000 53.182532
2129.000000 53.403349
2130.000000 51.570807
2131.000000 52.429191
2132.000000 51.643749
2133.000000 51.289694
2134.000000 50.149853
2135.000000 50.495496
2136.000000 50.210056
2137.000000 51.600487
2138.000000 52.980437
2139.000000 52.557900
2140.000000 53.060213
2141.000000 54.662542
2142.000000 53.546077
2143.000000 51.678396
2144.000000 54.398931
2145.000000 51.176231
2146.000000 52.605746
2147.000000 52.504921
2148.000000 51.010947
2149.000000 49.665425
2150.000000 53.085159
2151.000000 51.284750
2152.000000 49.264023
2153.000000 52.581097
2154.000000 51.043071
2155.000000 50.563744
2156.000000 48.278454
2157.000000 51.634658
2158.000000 50.571179
2159.000000 49.708805
2160.000000 51.775051
2161.000000 50.113550
2162.000000 49.907682
2163.000000 50.229558
2164.000000 51.554773
2165.000000 50.072529
2166.000000 50.862814
2167.000000 51.956854
2168.000000 50.825558
2169.000000 50.389266
2170.000000 50.812632
2171.000000 50.507915
2172.000000 50.073279
2173.000000 50.799315
2174.000000 48.449104
2175.000000 48.604095
2176.000000 50.941215
2177.000000 50.056424
2178.000000 49.109181
2179.000000 49.420005
2180.000000 50.520052
2181.000000 48.151339
2182.000000 51.266575
2183.000000 48.632876
2184.000000 48.959658
2185.000000 48.929002
2186.000000 48.452611
2187.000000 48.843259
2188.000000 49.658052
2189.000000 50.517194
2190.000000 49.606792
2191.000000 48.922652
2192.000000 49.041121
2193.000000 47.769150
2194.000000 48.529458
2195.000000 47.376082
2196.000000 47.892477
2197.000000 48.874860
2198.000000 48.159290
2199.000000 46.070714
2200.000000 46.876814
2201.000000 48.361588
2202.000000 47.660155
2203.000000 48.157876
2204.000000 47.113385
2205.000000 48.959619
2206.000000 47.871030
2207.000000 47.843670
2208.000000 48.507964
2209.000000 47.546623
2210.000000 48.732592
2211.000000 47.394139
2212.000000 47.764761
2213.000000 47.959350
2214.000000 47.904763
2215.000000 46.503764
2216.000000 47.438018
2217.000000 46.717325
2218.000000 48.894979
2219.000000 49.719888
2220.000000 48.043547
2221.000000 48.633712
2222.000000 46.924107
2223.000000 46.698268
2224.000000 46.270357
2225.000000 47.972401
2226.000000 48.352919
2227.000000 47.113244
2228.000000 47.891540
2229.000000 48.695836
2230.000000 48.056395
2231.000000 47.343184
2232.000000 46.427807
2233.000000 48.895542
2234.000000 46.493196
2235.000000 46.882774
2236.000000 45.478979
2237.000000 45.186048
2238.000000 46.458643
2239.000000 45.693875
2240.000000 46.707656
2241.000000 46.624748
2242.000000 45.211174
2243.000000 45.278055
2244.000000 45.672232
2245.000000 45.711745
2246.000000 49.897497
2247.000000 48.446613
2248.000000 48.381075
2249.000000 46.922935
2250.000000 47.224332
2251.000000 46.433720
2252.000000 47.630296
2253.000000 48.254218
2254.000000 49.375361
2255.000000 47.779585
2256.000000 47.127631
2257.000000 47.034648
2258.000000 48.712738
2259.000000 45.551272
2260.000000 47.078175
2261.000000 46.616781
2262.000000 47.240969
2263.000000 47.423350
2264.000000 46.591913
2265.000000 46.957278
2266.000000 48.635508
2267.000000 51.570386
2268.000000 41.444015
2269.000000 43.308213
2270.000000 48.140662
2271.000000 49.567982
2272.000000 48.955370
2273.000000 48.316795
2274.000000 48.211237
2275.000000 50.229769
2276.000000 49.123747
2277.000000 48.212854
2278.000000 49.415288
2279.000000 49.355202
2280.000000 41.103464
2281.000000 39.321526
2282.000000 48.096064
2283.000000 49.005442
2284.000000 49.479966
2285.000000 49.583642
2286.000000 49.392544
2287.000000 49.048611
2288.000000 50.686555
2289.000000 51.920075
2290.000000 50.026799
2291.000000 49.348376
2292.000000 49.896162
2293.000000 49.325436
2294.000000 49.982631
2295.000000 51.346773
2296.000000 51.581929
2297.000000 51.409006
2298.000000 50.282341
2299.000000 51.392792
2300.000000 51.854420
2301.000000 51.325809
2302.000000 51.034690
2303.000000 51.102095
2304.000000 49.455395
2305.000000 52.059351
2306.000000 49.437384
2307.000000 50.917135
2308.000000 50.957695
2309.000000 52.674103
2310.000000 51.500951
2311.000000 51.677318
2312.000000 50.879606
2313.000000 51.210808
2314.000000 51.836777
2315.000000 53.561175
2316.000000 52.303435
2317.000000 50.660531
2318.000000 50.691554
2319.000000 50.892212
2320.000000 51.256398
2321.000000 52.057984
2322.000000 51.611554
2323.000000 51.811361
2324.000000 52.724762
2325.000000 53.446510
2326.000000 52.977180
2327.000000 53.241361
2328.000000 54.386216
2329.000000 53.695194
2330.000000 54.554547
2331.000000 53.336226
2332.000000 52.436431
2333.000000 51.611625
2334.000000 52.865795
2335.000000 51.195250
2336.000000 51.927151
2337.000000 50.961116
2338.000000 51.200186
2339.000000 50.619417
2340.000000 50.340802
2341.000000 50.112253
2342.000000 50.016466
2343.000000 50.897648
2344.000000 51.621856
2345.000000 50.973339
2346.000000 49.260500
2347.000000 48.600151
2348.000000 49.328998
2349.000000 48.307610
2350.000000 48.112091
2351.000000 50.068069
2352.000000 48.015015
2353.000000 49.188043
2354.000000 49.146569
2355.000000 48.302049
2356.000000 47.798088
2357.000000 48.139467
2358.000000 47.773329
2359.000000 47.633366
2360.000000 48.501801
2361.000000 48.091011
2362.000000 48.027824
2363.000000 47.933419
2364.000000 47.125663
2365.000000 47.764948
2366.000000 47.328219
2367.000000 47.632186
2368.000000 46.895926
2369.000000 47.076465
2370.000000 47.951751
2371.000000 47.587175
2372.000000 47.790676
2373.000000 48.769754
2374.000000 47.950313
2375.000000 47.687617
2376.000000 46.613446
2377.000000 46.681475
2378.000000 47.304280
2379.000000 46.944484
2380.000000 47.287894
2381.000000 47.813834
2382.000000 48.639523
2383.000000 47.638825
2384.000000 46.097503
2385.000000 46.624771
2386.000000 47.425248
2387.000000 46.391059
2388.000000 48.048670
2389.000000 48.332080
2390.000000 47.741939
2391.000000 48.146301
2392.000000 47.674878
2393.000000 47.657148
2394.000000 47.697825
2395.000000 47.742852
2396.000000 47.463402
2397.000000 48.059629
2398.000000 48.673327
2399.000000 48.041618
2400.000000 48.439271
2401.000000 48.593480
2402.000000 48.941077
2403.000000 47.923797
2404.000000 48.664321
2405.000000 47.896382
2406.000000 48.967078
2407.000000 47.968481
2408.000000 49.265780
2409.000000 48.151542
2410.000000 48.804448
2411.000000 48.956979
2412.000000 49.368378
2413.000000 48.297878
2414.000000 48.715230
2415.000000 49.283205
2416.000000 50.999356
2417.000000 51.091207
2418.000000 50.439691
2419.000000 50.376395
2420.000000 51.170795
2421.000000 49.942876
2422.000000 50.558542
2423.000000 50.196833
2424.000000 50.911574
2425.000000 50.526886
2426.000000 48.951152
2427.000000 48.620505
2428.000000 48.606461
2429.000000 48.582140
2430.000000 48.777120
2431.000000 48.922511
2432.000000 50.012256
2433.000000 48.484837
2434.000000 48.861957
2435.000000 47.837882
2436.000000 48.418370
2437.000000 47.482804
2438.000000 48.710083
2439.000000 48.735232
2440.000000 48.180737
2441.000000 48.212401
2442.000000 47.322104
2443.000000 47.811452
2444.000000 48.364470
2445.000000 47.857596
2446.000000 47.362593
2447.000000 48.169670
2448.000000 46.688255
2449.000000 46.770288
2450.000000 45.810712
2451.000000 44.578809
2452.000000 34.027425
2453.000000 28.601960
2454.000000 40.686675
2455.000000 45.190179
2456.000000 46.978131
2457.000000 45.871821
2458.000000 39.991014
2459.000000 30.448998
2460.000000 40.818633
2461.000000 45.754726
2462.000000 46.132268
2463.000000 46.798796
2464.000000 47.096350
2465.000000 46.835036
2466.000000 47.217373
2467.000000 47.725427
2468.000000 47.803094
2469.000000 46.979733
2470.000000 48.020069
2471.000000 46.713560
2472.000000 47.810686
2473.000000 47.183179
2474.000000 46.985512
2475.000000 47.293197
2476.000000 47.473408
2477.000000 46.667330
2478.000000 46.762563
2479.000000 46.058154
2480.000000 46.212879
2481.000000 47.067905
2482.000000 47.547771
2483.000000 47.045403
2484.000000 48.403585
2485.000000 47.720671
2486.000000 47.308201
2487.000000 46.503139
2488.000000 48.056700
2489.000000 47.920228
2490.000000 47.443759
2491.000000 46.471140
2492.000000 46.980725
2493.000000 46.834411
2494.000000 48.032409
2495.000000 47.115681
2496.000000 46.995846
2497.000000 46.781582
2498.000000 47.308873
2499.000000 47.214788
2500.000000 46.709671
2501.000000 47.337100
2502.000000 45.039985
2503.000000 46.380390
2504.000000 47.202119
2505.000000 46.860326
2506.000000 46.275660
2507.000000 47.074903
2508.000000 48.586966
2509.000000 47.241226
2510.000000 46.975710
2511.000000 46.760025
2512.000000 46.899410
2513.000000 46.650397
2514.000000 45.913138
2515.000000 47.014684
2516.000000 46.838340
2517.000000 46.133564
2518.000000 45.593136
2519.000000 45.783984
2520.000000 45.321864
2521.000000 45.922096
2522.000000 46.527633
2523.000000 45.329369
2524.000000 45.960719
2525.000000 45.953932
2526.000000 45.481868
2527.000000 45.136529
2528.000000 44.888977
2529.000000 44.078472
2530.000000 43.806762
2531.000000 45.129672
2532.000000 45.122049
2533.000000 45.924408
2534.000000 45.206144
2535.000000 44.941331
2536.000000 44.950703
2537.000000 45.990196
2538.000000 44.927538
2539.000000 45.319724
2540.000000 46.201429
2541.000000 47.029352
2542.000000 44.770930
2543.000000 45.508221
2544.000000 45.982495
2545.000000 45.010235
2546.000000 45.490835
2547.000000 45.393165
2548.000000 45.548327
2549.000000 45.668038
2550.000000 45.032518
2551.000000 45.130101
2552.000000 44.515115
2553.000000 44.910784
2554.000000 44.923312
2555.000000 43.988144
2556.000000 44.912830
2557.000000 44.668106
2558.000000 44.817965
2559.000000 43.352904
2560.000000 42.581576
2561.000000 43.737460
2562.000000 44.238562
2563.000000 43.667736
2564.000000 44.089844
2565.000000 44.149140
2566.000000 43.586367
2567.000000 43.158495
2568.000000 42.944106
2569.000000 44.106652
2570.000000 44.298195
2571.000000 43.116927
2572.000000 43.936837
2573.000000 43.805489
2574.000000 43.988823
2575.000000 43.593677
2576.000000 43.827131
2577.000000 43.185386
2578.000000 43.500327
2579.000000 42.667975
2580.000000 41.883181
2581.000000 43.378273
2582.000000 42.636546
2583.000000 43.063082
2584.000000 43.148466
2585.000000 42.446650
2586.000000 42.864923
2587.000000 43.439874
2588.000000 43.102556
2589.000000 42.739995
2590.000000 42.607585
2591.000000 41.720552
2592.000000 42.607257
2593.000000 41.768469
2594.000000 42.534510
2595.000000 42.777993
2596.000000 42.449134
2597.000000 42.642638
2598.000000 42.062064
2599.000000 42.136271
2600.000000 42.226411
2601.000000 42.471378
2602.000000 41.335013
2603.000000 40.899612
2604.000000 41.667238
2605.000000 41.809630
2606.000000 40.851031
2607.000000 40.964298
2608.000000 41.409337
2609.000000 41.635457
2610.000000 41.953257
2611.000000 41.531438
2612.000000 42.082457
2613.000000 41.635137
2614.000000 42.264714
2615.000000 42.622846
2616.000000 42.045920
2617.000000 41.629599
2618.000000 43.288070
2619.000000 42.294019
2620.000000 42.328877
2621.000000 42.147854
2622.000000 41.204750
2623.000000 40.603822
2624.000000 41.254190
2625.000000 41.922241
2626.000000 42.876381
2627.000000 42.682838
2628.000000 42.247461
2629.000000 41.966128
2630.000000 42.595072
2631.000000 41.973306
2632.000000 42.275664
2633.000000 41.841708
2634.000000 41.083837
2635.000000 41.146601
2636.000000 40.552789
2637.000000 40.613687
2638.000000 40.286023
2639.000000 40.415067
2640.000000 40.408045
2641.000000 40.692111
2642.000000 40.423760
2643.000000 40.163547
2644.000000 40.001918
2645.000000 38.951077
2646.000000 39.929531
2647.000000 39.560081
2648.000000 39.597657
2649.000000 39.852199
2650.000000 40.065448
2651.000000 39.837227
2652.000000 38.690278
2653.000000 38.381266
2654.000000 39.266470
2655.000000 38.357428
2656.000000 38.894271
2657.000000 39.326876
2658.000000 38.795188
2659.000000 38.900949
2660.000000 38.523744
2661.000000 39.223302
2662.000000 39.265354
2663.000000 38.739226
2664.000000 39.834446
2665.000000 39.087252
2666.000000 39.535533
2667.000000 39.264260
2668.000000 39.961249
2669.000000 40.317132
2670.000000 39.494262
2671.000000 39.678831
2672.000000 40.050897
2673.000000 39.534134
2674.000000 39.646558
2675.000000 40.116958
2676.000000 39.441198
2677.000000 40.263615
2678.000000 39.104396
2679.000000 39.317933
2680.000000 39.722499
2681.000000 39.579568
2682.000000 39.968364
2683.000000 39.917682
2684.000000 39.104685
2685.000000 40.037518
2686.000000 39.336429
2687.000000 39.550326
2688.000000 37.793998
2689.000000 38.217184
2690.000000 37.257623
2691.000000 38.992613
2692.000000 37.891269
2693.000000 39.466902
2694.000000 39.117424
2695.000000 38.843878
2696.000000 38.941306
2697.000000 38.494587
2698.000000 38.395793
2699.000000 38.711030
2700.000000 39.198020
2701.000000 38.952725
2702.000000 38.760361
2703.000000 38.746880
2704.000000 39.797604
2705.000000 38.515066
2706.000000 40.176161
2707.000000 40.195101
2708.000000 40.576189
2709.000000 39.215062
2710.000000 39.988804
2711.000000 39.577686
2712.000000 40.382560
2713.000000 41.009809
2714.000000 41.376002
2715.000000 40.912085
2716.000000 40.389777
2717.000000 40.059301
2718.000000 41.027937
2719.000000 39.416001
2720.000000 40.758094
2721.000000 40.928440
2722.000000 40.732640
2723.000000 40.589443
2724.000000 40.572651
2725.000000 41.161722
2726.000000 41.541951
2727.000000 41.511388
2728.000000 41.495322
2729.000000 41.015964
2730.000000 41.745663
2731.000000 41.173290
2732.000000 41.526181
2733.000000 41.404705
2734.000000 41.092373
2735.000000 40.707553
2736.000000 42.037578
2737.000000 41.746311
2738.000000 41.847628
2739.000000 41.350087
2740.000000 40.121160
2741.000000 40.476762
2742.000000 40.881359
2743.000000 41.410688
2744.000000 42.088268
2745.000000 41.755988
2746.000000 41.781669
2747.000000 42.260691
2748.000000 42.421805
2749.000000 42.057409
2750.000000 43.329965
2751.000000 43.123496
2752.000000 43.087591
2753.000000 43.057974
2754.000000 42.662929
2755.000000 42.165154
2756.000000 43.527812
2757.000000 42.565463
2758.000000 42.704161
2759.000000 43.575627
2760.000000 43.195868
2761.000000 43.353482
2762.000000 43.194196
2763.000000 43.889537
2764.000000 44.296922
2765.000000 44.048089
2766.000000 43.827772
2767.000000 44.302116
2768.000000 45.629322
2769.000000 44.435620
2770.000000 44.627530
2771.000000 45.258216
2772.000000 44.870904
2773.000000 44.391874
2774.000000 45.316545
2775.000000 45.964265
2776.000000 46.339299
2777.000000 46.283072
2778.000000 46.872230
2779.000000 47.720733
2780.000000 47.974909
2781.000000 48.567886
2782.000000 48.663767
2783.000000 49.865349
2784.000000 50.798089
2785.000000 51.846118
2786.000000 53.280327
2787.000000 53.514609
2788.000000 55.776999
2789.000000 57.236936
2790.000000 58.472134
2791.000000 60.495587
2792.000000 62.605494
2793.000000 64.391079
2794.000000 65.086576
2795.000000 65.341134
2796.000000 67.232145
2797.000000 67.690735
2798.000000 68.936346
2799.000000 69.831837
2800.000000 69.238446
2801.000000 70.475863
2802.000000 70.248930
2803.000000 69.114166
2804.000000 69.741814
2805.000000 67.669225
2806.000000 65.460923
2807.000000 64.464005
2808.000000 62.518844
2809.000000 60.775631
2810.000000 59.493757
2811.000000 58.972839
2812.000000 56.636125
2813.000000 54.744700
2814.000000 53.067922
2815.000000 52.838099
2816.000000 50.483906
2817.000000 50.236502
2818.000000 49.069840
2819.000000 48.652152
2820.000000 46.990495
2821.000000 46.940298
2822.000000 45.942989
2823.000000 45.721477
2824.000000 45.029269
2825.000000 44.860555
2826.000000 45.015327
2827.000000 44.451920
2828.000000 43.863356
2829.000000 43.661284
2830.000000 43.162564
2831.000000 43.090184
2832.000000 42.897672
2833.000000 42.150759
2834.000000 41.842801
2835.000000 41.471735
2836.000000 42.163045
2837.000000 42.552654
2838.000000 41.949094
2839.000000 41.355757
2840.000000 42.059237
2841.000000 41.741273
2842.000000 38.166103
2843.000000 42.297221
2844.000000 41.684929
2845.000000 40.962533
2846.000000 41.414429
2847.000000 41.209272
2848.000000 40.151004
2849.000000 40.246541
2850.000000 40.349967
2851.000000 40.536652
2852.000000 40.786719
2853.000000 39.806415
2854.000000 40.052584
2855.000000 39.759278
2856.000000 39.785037
2857.000000 38.888929
2858.000000 38.875878
2859.000000 38.726573
2860.000000 39.749437
2861.000000 38.550291
2862.000000 38.678914
2863.000000 39.646261
2864.000000 38.440477
2865.000000 38.555845
2866.000000 38.657654
2867.000000 39.147642
2868.000000 38.496665
2869.000000 37.817742
2870.000000 37.904735
2871.000000 38.697081
2872.000000 37.944544
2873.000000 38.460799
2874.000000 38.511505
2875.000000 38.566670
2876.000000 37.163086
2877.000000 38.432143
2878.000000 37.671561
2879.000000 37.571611
2880.000000 37.817570
2881.000000 37.175809
2882.000000 37.569924
2883.000000 37.821358
2884.000000 36.561884
2885.000000 36.648080
2886.000000 37.016858
2887.000000 37.071547
2888.000000 36.632631
2889.000000 36.763652
2890.000000 37.010524
2891.000000 36.257933
2892.000000 37.205387
2893.000000 36.466855
2894.000000 36.812209
2895.000000 36.614847
2896.000000 36.056790
2897.000000 36.466316
2898.000000 35.903674
2899.000000 37.178269
2900.000000 39.507173
2901.000000 52.063264
2902.000000 34.713987
2903.000000 38.454590
2904.000000 51.018749
2905.000000 37.811478
2906.000000 35.679905
2907.000000 35.217253
2908.000000 35.654037
2909.000000 35.464212
2910.000000 35.967736
2911.000000 35.827851
2912.000000 35.498812
2913.000000 35.207131
2914.000000 35.447833
2915.000000 34.894963
2916.000000 35.437594
2917.000000 35.075361
2918.000000 35.651006
2919.000000 36.342989
2920.000000 35.989683
2921.000000 35.549689
2922.000000 35.538880
2923.000000 36.437589
2924.000000 36.397107
2925.000000 36.719491
2926.000000 36.314848
2927.000000 36.201120
2928.000000 37.143505
2929.000000 37.110287
2930.000000 37.539573
2931.000000 37.656300
2932.000000 37.274346
2933.000000 37.275025
2934.000000 37.383247
2935.000000 36.489755
2936.000000 37.038876
2937.000000 37.320794
2938.000000 38.524697
2939.000000 37.265426
2940.000000 37.537269
2941.000000 37.590755
2942.000000 36.989428
2943.000000 37.575368
2944.000000 36.649705
2945.000000 37.297418
2946.000000 37.066291
2947.000000 37.439185
2948.000000 37.029347
2949.000000 36.406558
2950.000000 37.314601
2951.000000 37.463421
2952.000000 37.177480
2953.000000 36.418789
2954.000000 37.312976
2955.000000 37.761616
2956.000000 37.117894
2957.000000 36.862672
2958.000000 36.236743
2959.000000 38.125536
2960.000000 36.446665
2961.000000 36.140315
2962.000000 36.981383
2963.000000 36.789981
2964.000000 36.890290
2965.000000 37.077514
2966.000000 36.720436
2967.000000 37.512853
2968.000000 37.343226
2969.000000 35.725596
2970.000000 36.765065
2971.000000 36.564540
2972.000000 35.783066
2973.000000 35.178974
2974.000000 36.982422
2975.000000 36.471221
2976.000000 36.608169
2977.000000 35.876010
2978.000000 35.631449
2979.000000 36.049433
2980.000000 35.958590
2981.000000 35.935221
2982.000000 36.755380
2983.000000 35.954107
2984.000000 36.185983
2985.000000 35.821110
2986.000000 35.708015
2987.000000 35.298302
2988.000000 34.969920
2989.000000 35.245933
2990.000000 34.453251
2991.000000 34.720743
2992.000000 34.548593
2993.000000 34.637929
2994.000000 34.750602
2995.000000 33.973111
2996.000000 33.970854
2997.000000 33.631217
2998.000000 34.834455
2999.000000 34.479010
3000.000000 34.121166
3001.000000 33.785192
3002.000000 32.897152
3003.000000 32.973163
3004.000000 34.127212
3005.000000 34.181190
3006.000000 33.434917
3007.000000 33.076011
3008.000000 31.907779
3009.000000 32.394534
3010.000000 31.908865
3011.000000 31.923986
3012.000000 32.851734
3013.000000 32.234967
3014.000000 31.612341
3015.000000 31.939130
3016.000000 32.121504
3017.000000 30.967784
3018.000000 30.756051
3019.000000 31.889409
3020.000000 31.950823
3021.000000 32.012103
3022.000000 31.640256
3023.000000 30.401737
3024.000000 30.919976
3025.000000 31.234339
3026.000000 30.925319
3027.000000 31.175589
3028.000000 31.815257
3029.000000 31.411488
3030.000000 31.317684
3031.000000 31.300681
3032.000000 31.220624
3033.000000 31.050278
3034.000000 31.383206
3035.000000 31.092556
3036.000000 30.684179
3037.000000 30.786816
3038.000000 31.123079
3039.000000 31.142293
3040.000000 31.019458
3041.000000 31.116292
3042.000000 31.630071
3043.000000 31.670857
3044.000000 31.444112
3045.000000 31.470722
3046.000000 31.496770
3047.000000 31.041593
3048.000000 31.573023
3049.000000 30.956818
3050.000000 31.749297
3051.000000 31.995475
3052.000000 31.386580
3053.000000 31.170207
3054.000000 30.252925
3055.000000 31.760997
3056.000000 31.820974
3057.000000 32.216651
3058.000000 32.253884
3059.000000 31.783702
3060.000000 31.061299
3061.000000 31.213907
3062.000000 32.623622
3063.000000 32.910563
3064.000000 33.073473
3065.000000 24.830350
3066.000000 31.053699
3067.000000 35.104049
3068.000000 28.083932
3069.000000 28.722866
3070.000000 33.501165
3071.000000 31.634234
3072.000000 32.161752
3073.000000 32.006152
3074.000000 32.236216
3075.000000 32.091301
3076.000000 31.708769
3077.000000 31.853918
3078.000000 31.407497
3079.000000 31.554216
3080.000000 32.272449
3081.000000 31.399538
3082.000000 31.440535
3083.000000 31.240790
3084.000000 31.911645
3085.000000 32.265240
3086.000000 31.660274
3087.000000 30.932395
3088.000000 30.981694
3089.000000 32.242051
3090.000000 32.517838
3091.000000 31.602844
3092.000000 30.878089
3093.000000 31.262175
3094.000000 31.636327
3095.000000 31.289535
3096.000000 31.750266
3097.000000 33.015215
3098.000000 31.280803
3099.000000 30.930833
3100.000000 31.559207
3101.000000 30.922679
3102.000000 30.869005
3103.000000 31.582810
3104.000000 31.083410
3105.000000 31.181704
3106.000000 31.563081
3107.000000 31.081239
3108.000000 31.691664
3109.000000 32.310736
3110.000000 31.601766
3111.000000 32.202288
3112.000000 32.074009
3113.000000 31.394766
3114.000000 31.826457
3115.000000 32.538692
3116.000000 33.048456
3117.000000 32.753596
3118.000000 33.492058
3119.000000 32.475583
3120.000000 32.861958
3121.000000 33.047870
3122.000000 31.926009
3123.000000 32.900417
3124.000000 32.835676
3125.000000 32.510910
3126.000000 33.105917
3127.000000 32.532349
3128.000000 32.905423
3129.000000 32.758267
3130.000000 32.075719
3131.000000 32.318663
3132.000000 32.722917
3133.000000 33.518512
3134.000000 31.836556
3135.000000 32.350577
3136.000000 32.231757
3137.000000 31.970661
3138.000000 31.982986
3139.000000 32.113717
3140.000000 32.239169
3141.000000 32.804098
3142.000000 33.048448
3143.000000 32.230874
3144.000000 30.819214
3145.000000 32.747332
3146.000000 32.113397
3147.000000 32.048531
3148.000000 32.008222
3149.000000 31.657306
3150.000000 31.417572
3151.000000 31.403006
3152.000000 31.674419
3153.000000 31.926431
3154.000000 30.877050
3155.000000 31.613778
3156.000000 32.699048
3157.000000 32.067753
3158.000000 31.788826
3159.000000 31.498371
3160.000000 32.099276
3161.000000 31.951065
3162.000000 32.107766
3163.000000 31.438457
3164.000000 31.657392
3165.000000 32.280689
3166.000000 31.373576
3167.000000 31.200918
3168.000000 32.471826
3169.000000 32.349202
3170.000000 32.878329
3171.000000 31.845710
3172.000000 32.168039
3173.000000 31.942036
3174.000000 31.938131
3175.000000 31.811851
3176.000000 32.247948
3177.000000 31.571899
3178.000000 32.389762
3179.000000 32.974866
3180.000000 32.551016
3181.000000 31.596572
3182.000000 32.521774
3183.000000 31.519506
3184.000000 32.769115
3185.000000 31.882794
3186.000000 32.281704
3187.000000 33.452623
3188.000000 33.457903
3189.000000 32.643851
3190.000000 33.348893
3191.000000 32.878134
3192.000000 33.770883
3193.000000 32.914155
3194.000000 33.129200
3195.000000 32.159932
3196.000000 32.989503
3197.000000 32.145334
3198.000000 32.521696
3199.000000 33.199354
3200.000000 32.063387
3201.000000 32.347437
3202.000000 31.076716
3203.000000 31.630063
3204.000000 31.013998
3205.000000 31.906092
3206.000000 30.375034
3207.000000 31.245649
3208.000000 30.797290
3209.000000 31.740300
3210.000000 31.923627
3211.000000 31.849209
3212.000000 31.502019
3213.000000 32.173100
3214.000000 31.638498
3215.000000 31.211915
3216.000000 32.284821
3217.000000 31.423750
3218.000000 30.713679
3219.000000 31.723742
3220.000000 31.657509
3221.000000 31.354448
3222.000000 30.841450
3223.000000 30.816308
3224.000000 31.202863
3225.000000 31.757061
3226.000000 31.476213
3227.000000 31.889136
3228.000000 31.275539
3229.000000 31.282857
3230.000000 30.788925
3231.000000 31.482821
3232.000000 30.980609
3233.000000 30.976212
3234.000000 30.538022
3235.000000 30.599412
3236.000000 30.247973
3237.000000 30.913236
3238.000000 30.641612
3239.000000 30.145078
3240.000000 30.445788
3241.000000 29.626535
3242.000000 30.171837
3243.000000 30.913353
3244.000000 30.777240
3245.000000 30.096076
3246.000000 30.076542
3247.000000 30.971611
3248.000000 30.026774
3249.000000 30.891851
3250.000000 30.717584
3251.000000 30.047026
3252.000000 30.273404
3253.000000 29.741997
3254.000000 29.949739
3255.000000 30.062374
3256.000000 30.171728
3257.000000 30.198767
3258.000000 31.044295
3259.000000 31.336914
3260.000000 30.727550
3261.000000 30.724286
3262.000000 30.336786
3263.000000 30.784403
3264.000000 30.025743
3265.000000 30.654249
3266.000000 30.574426
3267.000000 29.619904
3268.000000 30.106573
3269.000000 30.284956
3270.000000 29.945147
3271.000000 30.268085
3272.000000 29.917919
3273.000000 30.262040
3274.000000 30.198486
3275.000000 30.396731
3276.000000 30.364817
3277.000000 31.054878
3278.000000 30.096833
3279.000000 32.888201
3280.000000 30.207984
3281.000000 29.633970
3282.000000 31.915472
3283.000000 31.758162
3284.000000 29.570432
3285.000000 29.345335
3286.000000 30.168033
3287.000000 29.851312
3288.000000 29.671539
3289.000000 29.382732
3290.000000 29.638383
3291.000000 29.875438
3292.000000 29.551024
3293.000000 29.885936
3294.000000 29.020218
3295.000000 30.448038
3296.000000 29.547235
3297.000000 30.071027
3298.000000 29.418340
3299.000000 29.409092
3300.000000 29.303589
3301.000000 29.633018
3302.000000 28.926680
3303.000000 29.218900
3304.000000 29.632362
3305.000000 29.062816
3306.000000 29.212667
3307.000000 29.041696
3308.000000 28.520193
3309.000000 28.912012
3310.000000 28.691460
3311.000000 28.146400
3312.000000 27.479677
3313.000000 28.246694
3314.000000 28.552294
3315.000000 28.497839
3316.000000 28.162748
3317.000000 28.489881
3318.000000 28.576100
3319.000000 28.104247
3320.000000 28.351823
3321.000000 28.780827
3322.000000 28.479774
3323.000000 28.517256
3324.000000 28.570664
3325.000000 28.730848
3326.000000 28.333351
3327.000000 28.315942
3328.000000 28.372091
3329.000000 28.508797
3330.000000 28.480727
3331.000000 28.979970
3332.000000 28.370201
3333.000000 28.537196
3334.000000 28.723475
3335.000000 28.699552
3336.000000 28.922892
3337.000000 28.894704
3338.000000 28.438089
3339.000000 28.835196
3340.000000 28.194271
3341.000000 28.407769
3342.000000 27.947835
3343.000000 28.223318
3344.000000 28.412620
3345.000000 28.344794
3346.000000 28.379878
3347.000000 28.307780
3348.000000 28.038905
3349.000000 27.828195
3350.000000 27.057312
3351.000000 27.768180
3352.000000 27.897770
3353.000000 27.899528
3354.000000 26.944052
3355.000000 27.479818
3356.000000 27.841223
3357.000000 27.198134
3358.000000 27.204375
3359.000000 27.549628
3360.000000 27.301365
3361.000000 27.320211
3362.000000 27.064669
3363.000000 26.820694
3364.000000 27.352765
3365.000000 26.824170
3366.000000 26.990072
3367.000000 26.585826
3368.000000 27.286798
3369.000000 27.641189
3370.000000 27.229376
3371.000000 27.398558
3372.000000 27.115734
3373.000000 27.532679
3374.000000 27.731197
3375.000000 27.508966
3376.000000 27.910611
3377.000000 27.314916
3378.000000 27.457909
3379.000000 27.217098
3380.000000 27.382632
3381.000000 27.620593
3382.000000 26.870080
3383.000000 26.827528
3384.000000 27.900871
3385.000000 27.989762
3386.000000 28.092266
3387.000000 27.354609
3388.000000 27.924881
3389.000000 27.840348
3390.000000 27.550237
3391.000000 27.432674
3392.000000 28.035883
3393.000000 28.299618
3394.000000 28.047387
3395.000000 28.709596
3396.000000 28.165747
3397.000000 28.311615
3398.000000 29.042938
3399.000000 28.273187
3400.000000 28.375684
3401.000000 28.268845
3402.000000 28.977643
3403.000000 28.496879
3404.000000 29.374960
3405.000000 28.890127
3406.000000 29.706522
3407.000000 29.685402
3408.000000 29.806894
3409.000000 29.706826
3410.000000 30.126482
3411.000000 29.682333
3412.000000 29.990947
3413.000000 29.595973
3414.000000 29.720573
3415.000000 29.421964
3416.000000 29.152886
3417.000000 29.082045
3418.000000 29.343484
3419.000000 29.243167
3420.000000 29.717316
3421.000000 29.659401
3422.000000 29.885982
3423.000000 29.138413
3424.000000 29.530568
3425.000000 29.523734
3426.000000 28.750406
3427.000000 27.522728
3428.000000 27.387889
3429.000000 27.006177
3430.000000 26.887427
3431.000000 26.789585
3432.000000 27.558266
3433.000000 26.907117
3434.000000 27.117444
3435.000000 26.831496
3436.000000 26.955955
3437.000000 26.695500
3438.000000 27.144547
3439.000000 27.426800
3440.000000 27.160144
3441.000000 27.033029
3442.000000 26.480081
3443.000000 27.095770
3444.000000 26.931142
3445.000000 26.831644
3446.000000 26.656948
3447.000000 26.598018
3448.000000 26.152471
3449.000000 26.033979
3450.000000 26.102758
3451.000000 25.867491
3452.000000 26.420768
3453.000000 26.411825
3454.000000 26.282812
3455.000000 26.726524
3456.000000 26.561145
3457.000000 26.373351
3458.000000 26.350451
3459.000000 26.517360
3460.000000 26.408123
3461.000000 26.283413
3462.000000 26.694915
3463.000000 26.101594
3464.000000 25.767705
3465.000000 26.847804
3466.000000 27.077877
3467.000000 26.936289
3468.000000 26.323364
3469.000000 26.669624
3470.000000 26.647419
3471.000000 26.492023
3472.000000 26.664024
3473.000000 26.332713
3474.000000 26.536823
3475.000000 26.415988
3476.000000 26.454119
3477.000000 26.303596
3478.000000 26.034752
3479.000000 26.280453
3480.000000 25.661405
3481.000000 26.183104
3482.000000 26.158259
3483.000000 26.258732
3484.000000 26.153315
3485.000000 25.763425
3486.000000 25.949493
3487.000000 25.918298
3488.000000 26.499724
3489.000000 26.164007
3490.000000 26.490554
3491.000000 26.373968
3492.000000 26.066361
3493.000000 26.307087
3494.000000 26.700796
3495.000000 26.631322
3496.000000 25.862696
3497.000000 26.293075
3498.000000 26.198959
3499.000000 25.823831
3500.000000 25.436862
3501.000000 25.794581
3502.000000 25.830267
3503.000000 25.818098
3504.000000 25.020128
3505.000000 25.637427
3506.000000 25.502697
3507.000000 25.470479
3508.000000 25.668427
3509.000000 25.235915
3510.000000 25.691319
3511.000000 26.029980
3512.000000 25.825503
3513.000000 25.751288
3514.000000 25.539390
3515.000000 25.046879
3516.000000 24.675422
3517.000000 24.757385
3518.000000 24.953872
3519.000000 24.415623
3520.000000 24.635354
3521.000000 25.057072
3522.000000 24.957074
3523.000000 24.419091
3524.000000 24.147381
3525.000000 24.384928
3526.000000 23.938834
3527.000000 24.133681
3528.000000 24.037269
3529.000000 24.168001
3530.000000 24.139430
3531.000000 23.760428
3532.000000 23.654362
3533.000000 24.083937
3534.000000 23.561340
3535.000000 23.574047
3536.000000 23.949152
3537.000000 23.872969
3538.000000 23.198880
3539.000000 23.630439
3540.000000 23.151658
3541.000000 23.278914
3542.000000 22.967707
3543.000000 22.978462
3544.000000 23.369539
3545.000000 23.359143
3546.000000 23.032994
3547.000000 22.991833
3548.000000 22.792667
3549.000000 22.730238
3550.000000 23.095915
3551.000000 23.204543
3552.000000 23.546562
3553.000000 23.325589
3554.000000 22.918641
3555.000000 23.016873
3556.000000 22.682961
3557.000000 22.792979
3558.000000 23.204449
3559.000000 22.773508
3560.000000 23.265917
3561.000000 22.913377
3562.000000 23.532980
3563.000000 23.313413
3564.000000 23.757608
3565.000000 23.190382
3566.000000 22.741454
3567.000000 23.197662
3568.000000 23.632548
3569.000000 23.072023
3570.000000 23.484016
3571.000000 24.152145
3572.000000 23.185290
3573.000000 23.234059
3574.000000 23.536307
3575.000000 23.294066
3576.000000 23.668897
3577.000000 23.418487
3578.000000 23.642022
3579.000000 23.615091
3580.000000 23.872235
3581.000000 24.114327
3582.000000 23.825770
3583.000000 23.668452
3584.000000 24.001818
3585.000000 24.304808
3586.000000 23.554412
3587.000000 23.455657
3588.000000 23.704333
3589.000000 23.324668
3590.000000 23.269830
3591.000000 23.010039
3592.000000 22.589525
3593.000000 23.390564
3594.000000 23.334704
3595.000000 23.052583
3596.000000 23.345607
3597.000000 23.379700
3598.000000 22.955913
3599.000000 23.377318
3600.000000 23.192070
3601.000000 23.340140
3602.000000 23.775815
3603.000000 22.291189
3604.000000 22.906293
3605.000000 23.411090
3606.000000 23.059479
3607.000000 22.754606
3608.000000 23.285865
3609.000000 23.022145
3610.000000 23.370687
3611.000000 22.963544
3612.000000 22.767876
3613.000000 22.675838
3614.000000 23.171848
3615.000000 24.084874
3616.000000 22.916306
3617.000000 21.778371
3618.000000 22.744531
3619.000000 22.445164
3620.000000 22.757621
3621.000000 23.069399
3622.000000 22.861555
3623.000000 22.866116
3624.000000 22.698871
3625.000000 23.336157
3626.000000 23.289919
3627.000000 22.859290
3628.000000 23.338968
3629.000000 23.361299
3630.000000 23.125751
3631.000000 23.404631
3632.000000 22.826267
3633.000000 23.022099
3634.000000 22.548551
3635.000000 22.380111
3636.000000 22.264227
3637.000000 22.504149
3638.000000 22.750623
3639.000000 22.484037
3640.000000 22.572998
3641.000000 21.830092
3642.000000 22.745781
3643.000000 22.013840
3644.000000 21.928253
3645.000000 22.478515
3646.000000 22.224355
3647.000000 22.608410
3648.000000 22.363092
3649.000000 22.203767
3650.000000 21.964775
3651.000000 22.148859
3652.000000 21.750534
3653.000000 20.869078
3654.000000 22.029359
3655.000000 21.978248
3656.000000 21.769357
3657.000000 21.580392
3658.000000 21.970078
3659.000000 21.681302
3660.000000 22.155990
3661.000000 21.698032
3662.000000 21.826999
3663.000000 21.909282
3664.000000 21.863395
3665.000000 21.844119
3666.000000 21.933924
3667.000000 22.047386
3668.000000 21.726861
3669.000000 21.652599
3670.000000 21.546236
3671.000000 21.575838
3672.000000 21.914288
3673.000000 21.851078
3674.000000 21.460322
3675.000000 21.970477
3676.000000 21.599426
3677.000000 21.696478
3678.000000 21.659097
3679.000000 21.990581
3680.000000 21.794648
3681.000000 22.001773
3682.000000 21.746535
3683.000000 21.861810
3684.000000 22.026704
3685.000000 21.737046
3686.000000 21.772333
3687.000000 21.622091
3688.000000 21.631511
3689.000000 22.080096
3690.000000 21.559764
3691.000000 21.913859
3692.000000 21.352405
3693.000000 21.520563
3694.000000 21.997797
3695.000000 21.968875
3696.000000 21.932588
3697.000000 21.247096
3698.000000 21.641243
3699.000000 21.598934
3700.000000 21.329239
3701.000000 21.602636
3702.000000 21.201913
3703.000000 21.261311
3704.000000 22.025142
3705.000000 21.633331
3706.000000 21.830482
3707.000000 21.715114
3708.000000 21.539504
3709.000000 21.261194
3710.000000 21.650209
3711.000000 21.510964
3712.000000 21.837668
3713.000000 21.645390
3714.000000 21.738373
3715.000000 21.971531
3716.000000 21.833263
3717.000000 21.781331
3718.000000 21.793351
3719.000000 21.823640
3720.000000 22.421077
3721.000000 22.494058
3722.000000 22.400153
3723.000000 22.423467
3724.000000 22.874177
3725.000000 22.409900
3726.000000 22.865319
3727.000000 22.816348
3728.000000 23.112036
3729.000000 24.141445
3730.000000 25.557261
3731.000000 26.682730
3732.000000 27.704813
3733.000000 27.192667
3734.000000 27.013823
3735.000000 25.516615
3736.000000 23.636632
3737.000000 22.210617
3738.000000 21.699790
3739.000000 21.099010
3740.000000 20.565213
3741.000000 21.153707
3742.000000 21.596903
3743.000000 21.563474
3744.000000 22.219185
3745.000000 22.467955
3746.000000 22.657148
3747.000000 22.484201
3748.000000 22.031132
3749.000000 22.650274
3750.000000 22.177016
3751.000000 21.940031
3752.000000 21.777207
3753.000000 21.077867
3754.000000 21.524828
3755.000000 21.550415
3756.000000 21.750597
3757.000000 21.732797
3758.000000 21.289788
3759.000000 21.755666
3760.000000 22.130325
3761.000000 22.496284
3762.000000 22.383532
3763.000000 22.715343
3764.000000 22.921961
3765.000000 22.043457
3766.000000 22.532212
3767.000000 22.994723
3768.000000 21.378671
3769.000000 22.493472
3770.000000 22.631600
3771.000000 20.577116
3772.000000 21.269692
3773.000000 21.209223
3774.000000 21.044134
3775.000000 20.653760
3776.000000 20.077146
3777.000000 20.823551
3778.000000 20.394102
3779.000000 20.737715
3780.000000 21.108851
3781.000000 21.443732
3782.000000 21.591490
3783.000000 21.769162
3784.000000 21.572690
3785.000000 22.669847
3786.000000 21.278322
3787.000000 22.105558
3788.000000 21.379718
3789.000000 21.707382
3790.000000 21.143210
3791.000000 20.655150
3792.000000 20.891533
3793.000000 20.670748
3794.000000 20.770729
3795.000000 20.768738
3796.000000 19.958716
3797.000000 19.815215
3798.000000 20.095727
3799.000000 20.081809
3800.000000 20.261238
3801.000000 19.147867
3802.000000 19.256502
3803.000000 19.389889
3804.000000 18.890059
3805.000000 18.888732
3806.000000 20.012764
3807.000000 19.828180
3808.000000 18.984402
3809.000000 20.682112
3810.000000 20.620003
3811.000000 20.324128
3812.000000 20.627533
3813.000000 20.235143
3814.000000 20.286318
3815.000000 20.879740
3816.000000 21.245542
3817.000000 21.358606
3818.000000 20.825809
3819.000000 20.720032
3820.000000 20.439644
3821.000000 19.212483
3822.000000 20.941513
3823.000000 21.514424
3824.000000 21.277370
3825.000000 20.992976
3826.000000 21.100643
3827.000000 21.166696
3828.000000 21.031301
3829.000000 20.940536
3830.000000 20.135021
3831.000000 20.659329
3832.000000 21.039049
3833.000000 21.264545
3834.000000 20.863299
3835.000000 19.294766
3836.000000 20.382909
3837.000000 20.522474
3838.000000 19.730542
3839.000000 19.640440
3840.000000 20.033798
3841.000000 20.219679
3842.000000 19.767407
3843.000000 19.859625
3844.000000 20.096500
3845.000000 20.084316
3846.000000 21.091622
3847.000000 21.282509
3848.000000 21.613703
3849.000000 22.300749
3850.000000 21.908016
3851.000000 22.025407
3852.000000 21.867972
3853.000000 22.057868
3854.000000 22.582862
3855.000000 22.543060
3856.000000 22.019557
3857.000000 22.233157
3858.000000 22.403269
3859.000000 22.840170
3860.000000 22.819816
3861.000000 22.718920
3862.000000 22.702464
3863.000000 22.513037
3864.000000 22.607317
3865.000000 23.012312
3866.000000 23.172684
3867.000000 23.055902
3868.000000 23.085566
3869.000000 23.053309
3870.000000 23.029394
3871.000000 22.391077
3872.000000 22.205704
3873.000000 22.931154
3874.000000 22.575732
3875.000000 22.095006
3876.000000 22.064280
3877.000000 21.955621
3878.000000 21.502935
3879.000000 21.441936
3880.000000 21.438468
3881.000000 21.518837
3882.000000 21.389942
3883.000000 21.156893
3884.000000 21.235677
3885.000000 20.801510
3886.000000 20.833299
3887.000000 21.022460
3888.000000 21.139601
3889.000000 20.419642
3890.000000 20.016896
3891.000000 20.561839
3892.000000 19.995183
3893.000000 18.921145
3894.000000 18.955144
3895.000000 18.951762
3896.000000 19.293875
3897.000000 19.933481
3898.000000 19.424224
3899.000000 20.220577
3900.000000 20.365406
3901.000000 20.154594
3902.000000 19.791307
3903.000000 19.841364
3904.000000 20.106060
3905.000000 20.198512
3906.000000 19.530305
3907.000000 20.168231
3908.000000 20.560089
3909.000000 20.143386
3910.000000 19.840864
3911.000000 20.005227
3912.000000 20.228356
3913.000000 20.432724
3914.000000 20.474526
3915.000000 20.126547
3916.000000 19.609347
3917.000000 20.831549
3918.000000 20.939357
3919.000000 20.062486
3920.000000 19.890578
3921.000000 20.471238
3922.000000 20.534190
3923.000000 20.355245
3924.000000 20.171395
3925.000000 19.892968
3926.000000 20.107896
3927.000000 19.866756
3928.000000 20.226771
3929.000000 20.127125
3930.000000 20.217718
3931.000000 20.131530
3932.000000 19.834741
3933.000000 19.780583
3934.000000 19.693067
3935.000000 19.168314
3936.000000 19.155482
3937.000000 19.252402
3938.000000 19.089226
3939.000000 18.909382
3940.000000 18.246440
3941.000000 18.178348
3942.000000 19.415398
3943.000000 19.539834
3944.000000 19.549956
3945.000000 19.596249
3946.000000 19.912025
3947.000000 20.165990
3948.000000 19.884532
3949.000000 20.086909
3950.000000 20.212274
3951.000000 20.518358
3952.000000 20.329064
3953.000000 20.252904
3954.000000 20.034392
3955.000000 19.319040
3956.000000 20.338749
3957.000000 19.992918
3958.000000 19.753497
3959.000000 19.986951
3960.000000 21.262780
3961.000000 20.439105
3962.000000 19.831460
3963.000000 19.782466
3964.000000 20.565033
3965.000000 20.680394
3966.000000 20.762692
3967.000000 20.068336
3968.000000 19.570123
3969.000000 19.410516
3970.000000 18.478816
3971.000000 18.423284
3972.000000 18.567582
3973.000000 18.654059
3974.000000 17.888041
3975.000000 17.876584
3976.000000 17.625001
3977.000000 18.410170
3978.000000 17.948721
3979.000000 18.312344
3980.000000 18.249064
3981.000000 18.483369
3982.000000 19.241366
3983.000000 18.761093
3984.000000 18.434273
3985.000000 19.030608
3986.000000 18.212011
3987.000000 18.850578
3988.000000 19.002741
3989.000000 18.616210
3990.000000 18.876625
3991.000000 18.996313
3992.000000 18.784985
3993.000000 18.708849
3994.000000 18.810213
3995.000000 18.423120
3996.000000 18.435116
3997.000000 18.878305
3998.000000 18.864488
3999.000000 18.599714
4000.000000 18.808620
4001.000000 18.548798
4002.000000 18.449949
4003.000000 18.455588
4004.000000 18.393026
4005.000000 18.642546
4006.000000 18.594973
4007.000000 18.755423
4008.000000 18.488040
4009.000000 18.342758
4010.000000 18.535168
4011.000000 18.645905
4012.000000 18.285156
4013.000000 17.360766
4014.000000 17.406262
4015.000000 18.982277
4016.000000 17.534408
4017.000000 18.549126
4018.000000 19.071348
4019.000000 18.976638
4020.000000 18.056622
4021.000000 18.316398
4022.000000 18.456025
4023.000000 19.057695
4024.000000 18.623793
4025.000000 19.104901
4026.000000 18.875782
4027.000000 19.321915
4028.000000 18.601549
4029.000000 18.607657
4030.000000 18.367416
4031.000000 18.412341
4032.000000 18.420972
4033.000000 17.197949
4034.000000 17.491833
4035.000000 19.632599
4036.000000 18.826951
4037.000000 18.515955
4038.000000 18.416356
4039.000000 17.641466
4040.000000 18.080874
4041.000000 18.661409
4042.000000 18.535668
4043.000000 18.741028
4044.000000 18.851991
4045.000000 18.964212
4046.000000 18.237981
4047.000000 18.497569
4048.000000 18.449527
4049.000000 17.715509
4050.000000 17.657391
4051.000000 17.901226
4052.000000 18.005800
4053.000000 18.574400
4054.000000 19.039341
4055.000000 19.713320
4056.000000 18.056638
4057.000000 17.363968
4058.000000 18.714137
4059.000000 18.442638
4060.000000 18.264489
4061.000000 18.658011
4062.000000 18.838245
4063.000000 18.446207
4064.000000 17.830416
4065.000000 18.131774
4066.000000 19.183334
4067.000000 18.877867
4068.000000 19.083126
4069.000000 20.216844
4070.000000 18.999171
4071.000000 18.379733
4072.000000 17.973644
4073.000000 19.526564
4074.000000 19.352477
4075.000000 19.161597
4076.000000 19.003733
4077.000000 19.198189
4078.000000 19.268647
4079.000000 19.415515
4080.000000 19.935277
4081.000000 18.812361
4082.000000 18.268129
4083.000000 18.743215
4084.000000 19.167627
4085.000000 19.571084
4086.000000 18.667712
4087.000000 18.364409
4088.000000 18.268738
4089.000000 19.202969
4090.000000 19.526681
4091.000000 18.675585
4092.000000 19.004803
4093.000000 19.989552
4094.000000 19.100809
4095.000000 19.200251
4096.000000 18.963462
4097.000000 18.750651
4098.000000 19.353914
4099.000000 19.945485
4100.000000 19.409275
4101.000000 18.602393
4102.000000 18.031683
4103.000000 18.422870
4104.000000 19.610315
4105.000000 19.312550
4106.000000 17.388477
4107.000000 17.479211
4108.000000 17.966583
4109.000000 18.633572
4110.000000 18.248876
4111.000000 18.281524
4112.000000 18.540120
4113.000000 18.649505
4114.000000 19.028695
4115.000000 18.704124
4116.000000 19.143274
4117.000000 18.579461
4118.000000 17.874334
4119.000000 16.240084
4120.000000 18.649763
4121.000000 19.138330
4122.000000 18.613991
4123.000000 18.779440
4124.000000 18.805238
4125.000000 18.833043
4126.000000 18.610680
4127.000000 18.692525
4128.000000 18.183120
4129.000000 18.456330
4130.000000 18.141506
4131.000000 18.203794
4132.000000 18.160001
4133.000000 18.182230
4134.000000 17.715477
4135.000000 17.622721
4136.000000 17.779015
4137.000000 17.395335
4138.000000 17.621455
4139.000000 17.824543
4140.000000 17.935763
4141.000000 17.817615
4142.000000 18.036338
4143.000000 18.090652
4144.000000 18.280407
4145.000000 17.296205
4146.000000 16.662036
4147.000000 18.354450
4148.000000 18.230319
4149.000000 17.882293
4150.000000 17.505775
4151.000000 18.099736
4152.000000 17.665709
4153.000000 16.992503
4154.000000 17.837430
4155.000000 17.129007
4156.000000 16.974328
4157.000000 16.878119
4158.000000 17.539258
4159.000000 17.321815
4160.000000 16.695035
4161.000000 16.001483
4162.000000 17.428311
4163.000000 17.258512
4164.000000 16.950936
4165.000000 17.203284
4166.000000 17.417657
4167.000000 17.501354
4168.000000 17.502221
4169.000000 17.533861
4170.000000 17.377683
4171.000000 16.804318
4172.000000 17.911895
4173.000000 18.487478
4174.000000 18.219501
4175.000000 18.316819
4176.000000 18.042079
4177.000000 16.950038
4178.000000 17.178236
4179.000000 18.652825
4180.000000 17.859799
4181.000000 18.204287
4182.000000 17.976221
4183.000000 18.080444
4184.000000 18.198319
4185.000000 18.085255
4186.000000 17.831884
4187.000000 17.651166
4188.000000 17.997692
4189.000000 17.826331
4190.000000 17.698185
4191.000000 17.161506
4192.000000 17.557113
4193.000000 17.473315
4194.000000 17.662265
4195.000000 17.886151
4196.000000 16.876807
4197.000000 17.225184
4198.000000 17.439222
4199.000000 17.386853
4200.000000 17.203721
4201.000000 16.722543
4202.000000 17.239993
4203.000000 16.752090
4204.000000 16.646805
4205.000000 16.455418
4206.000000 16.565616
4207.000000 16.695183
4208.000000 16.112641
4209.000000 16.556306
4210.000000 16.496110
4211.000000 16.662778
4212.000000 16.379750
4213.000000 16.664715
4214.000000 16.685662
4215.000000 16.191862
4216.000000 16.109337
4217.000000 16.026414
4218.000000 16.954670
4219.000000 17.248639
4220.000000 16.432033
4221.000000 16.230899
4222.000000 16.667331
4223.000000 16.658232
4224.000000 16.693566
4225.000000 16.943048
4226.000000 17.103263
4227.000000 16.905433
4228.000000 17.009725
4229.000000 16.736789
4230.000000 17.202972
4231.000000 17.608334
4232.000000 16.795657
4233.000000 16.556196
4234.000000 18.150371
4235.000000 18.233045
4236.000000 18.156830
4237.000000 18.032496
4238.000000 17.719273
4239.000000 18.296317
4240.000000 17.750718
4241.000000 17.876318
4242.000000 17.600804
4243.000000 17.380878
4244.000000 17.696889
4245.000000 17.710612
4246.000000 17.803814
4247.000000 17.763441
4248.000000 17.405528
4249.000000 17.707964
4250.000000 18.281626
4251.000000 17.391875
4252.000000 17.132170
4253.000000 17.035703
4254.000000 17.121649
4255.000000 17.043623
4256.000000 17.055596
4257.000000 16.957052
4258.000000 16.722317
4259.000000 17.443650
4260.000000 17.445134
4261.000000 17.530370
4262.000000 17.668310
4263.000000 17.083995
4264.000000 16.591140
4265.000000 17.046817
4266.000000 16.739445
4267.000000 16.905214
4268.000000 16.819182
4269.000000 17.283310
4270.000000 17.418766
4271.000000 17.139988
4272.000000 17.414533
4273.000000 17.566290
4274.000000 16.974625
4275.000000 16.749200
4276.000000 16.690223
4277.000000 16.518714
4278.000000 16.662121
4279.000000 16.993323
4280.000000 17.203479
4281.000000 17.591252
4282.000000 17.482398
4283.000000 17.485460
4284.000000 17.447923
4285.000000 17.446212
4286.000000 17.669060
4287.000000 17.635889
4288.000000 17.104115
4289.000000 17.301282
4290.000000 17.572898
4291.000000 17.551966
4292.000000 18.126791
4293.000000 17.795628
4294.000000 17.877193
4295.000000 17.392070
4296.000000 17.692632
4297.000000 17.505642
4298.000000 18.159455
4299.000000 18.497764
4300.000000 18.346999
4301.000000 18.504715
4302.000000 18.217806
4303.000000 18.205325
4304.000000 18.202435
4305.000000 18.242800
4306.000000 18.163985
4307.000000 18.084505
4308.000000 17.735699
4309.000000 17.059002
4310.000000 17.722116
4311.000000 18.721166
4312.000000 18.281688
4313.000000 17.546452
4314.000000 18.253000
4315.000000 19.755621
4316.000000 18.586108
4317.000000 18.395564
4318.000000 17.929632
4319.000000 18.519462
4320.000000 18.521250
4321.000000 19.283401
4322.000000 19.082360
4323.000000 19.685608
4324.000000 19.493557
4325.000000 19.443453
4326.000000 19.892015
4327.000000 19.440071
4328.000000 19.544309
4329.000000 19.531235
4330.000000 19.529579
4331.000000 19.284839
4332.000000 19.239819
4333.000000 19.454942
4334.000000 19.651773
4335.000000 20.093321
4336.000000 20.225302
4337.000000 20.214625
4338.000000 20.215063
4339.000000 20.252592
4340.000000 20.690329
4341.000000 21.128448
4342.000000 20.152634
4343.000000 16.941275
4344.000000 19.290150
4345.000000 21.041635
4346.000000 20.593073
4347.000000 19.574364
4348.000000 20.169606
4349.000000 20.090783
4350.000000 19.897756
4351.000000 19.872606
4352.000000 19.961215
4353.000000 20.232035
4354.000000 20.166169
4355.000000 20.582849
4356.000000 20.490240
4357.000000 19.802921
4358.000000 19.746030
4359.000000 19.948797
4360.000000 19.774780
4361.000000 19.531203
4362.000000 19.623382
4363.000000 19.658108
4364.000000 19.987224
4365.000000 19.883423
4366.000000 19.259814
4367.000000 19.150140
4368.000000 19.610175
4369.000000 18.739747
4370.000000 17.397350
4371.000000 17.194841
4372.000000 18.070908
4373.000000 19.541763
4374.000000 18.658651
4375.000000 18.457525
4376.000000 18.065901
4377.000000 17.664085
4378.000000 17.687227
4379.000000 17.322479
4380.000000 17.528472
4381.000000 18.187330
4382.000000 17.711494
4383.000000 17.462442
4384.000000 17.712814
4385.000000 18.301159
4386.000000 18.071970
4387.000000 14.423577
4388.000000 15.622801
4389.000000 18.365705
4390.000000 17.018262
4391.000000 16.640026
4392.000000 16.695464
4393.000000 17.032516
4394.000000 16.638799
4395.000000 16.704837
4396.000000 17.301235
4397.000000 17.097843
4398.000000 15.769137
4399.000000 17.228004
4400.000000 17.898140
4401.000000 17.079488
4402.000000 16.897888
4403.000000 17.091415
4404.000000 16.917671
4405.000000 15.538807
4406.000000 17.090454
4407.000000 18.696321
4408.000000 17.462638
4409.000000 16.610612
4410.000000 16.801928
4411.000000 16.864412
4412.000000 16.717427
4413.000000 16.667995
4414.000000 16.640432
4415.000000 16.663723
4416.000000 16.871660
4417.000000 16.777708
4418.000000 16.847417
4419.000000 16.848705
4420.000000 16.563038
4421.000000 16.310815
4422.000000 16.375291
4423.000000 16.073807
4424.000000 15.767114
4425.000000 16.412234
4426.000000 16.599693
4427.000000 16.573981
4428.000000 16.886320
4429.000000 16.440602
4430.000000 16.290711
4431.000000 16.244544
4432.000000 16.485566
4433.000000 16.411226
4434.000000 16.175304
4435.000000 16.428167
4436.000000 16.343408
4437.000000 15.963407
4438.000000 15.827536
4439.000000 15.903102
4440.000000 15.831574
4441.000000 15.729531
4442.000000 15.588888
4443.000000 15.997296
4444.000000 15.796122
4445.000000 15.426438
4446.000000 15.594386
4447.000000 16.110634
4448.000000 15.686393
4449.000000 15.082263
4450.000000 15.414340
4451.000000 16.218207
4452.000000 16.072675
4453.000000 16.054461
4454.000000 16.150186
4455.000000 16.129058
4456.000000 16.481747
4457.000000 15.952339
4458.000000 16.227376
4459.000000 16.600973
4460.000000 15.997327
4461.000000 16.077135
4462.000000 16.202422
4463.000000 15.872212
4464.000000 16.048314
4465.000000 16.781613
4466.000000 16.538474
4467.000000 16.348181
4468.000000 16.387811
4469.000000 16.411687
4470.000000 16.460604
4471.000000 16.498274
4472.000000 16.382726
4473.000000 16.551971
4474.000000 16.262125
4475.000000 16.129808
4476.000000 16.620453
4477.000000 16.710577
4478.000000 16.697800
4479.000000 17.112105
4480.000000 17.247288
4481.000000 16.869442
4482.000000 16.724363
4483.000000 17.368623
4484.000000 17.158210
4485.000000 16.693504
4486.000000 16.372502
4487.000000 17.231355
4488.000000 17.148837
4489.000000 18.095487
4490.000000 17.588269
4491.000000 17.329415
4492.000000 17.407566
4493.000000 18.053170
4494.000000 16.735657
4495.000000 16.318688
4496.000000 16.955537
4497.000000 16.296850
4498.000000 16.705048
4499.000000 17.455280
4500.000000 16.839528
4501.000000 17.382706
4502.000000 16.557766
4503.000000 16.865107
4504.000000 17.217218
4505.000000 17.379128
4506.000000 17.629078
4507.000000 17.166465
4508.000000 16.115312
4509.000000 17.228168
4510.000000 17.059033
4511.000000 18.160978
4512.000000 17.861666
4513.000000 17.351464
4514.000000 17.916378
4515.000000 18.258210
4516.000000 17.658906
4517.000000 18.662330
4518.000000 18.221063
4519.000000 19.053548
4520.000000 17.733941
4521.000000 18.143576
4522.000000 17.984290
4523.000000 18.222852
4524.000000 17.935654
4525.000000 17.716024
4526.000000 17.851801
4527.000000 17.864259
4528.000000 18.098018
4529.000000 17.622049
4530.000000 17.943183
4531.000000 17.829018
4532.000000 17.402239
4533.000000 17.457975
4534.000000 17.506064
4535.000000 17.433239
4536.000000 17.391414
4537.000000 17.236252
4538.000000 17.209977
4539.000000 17.487584
4540.000000 17.874936
4541.000000 17.205854
4542.000000 17.736128
4543.000000 17.455194
4544.000000 17.706863
4545.000000 17.512242
4546.000000 17.492169
4547.000000 17.740869
4548.000000 17.555348
4549.000000 17.493801
4550.000000 18.036667
4551.000000 17.718906
4552.000000 17.622939
4553.000000 17.776227
4554.000000 17.752515
4555.000000 17.479750
4556.000000 17.561112
4557.000000 17.411550
4558.000000 16.097801
4559.000000 17.592400
4560.000000 18.211824
4561.000000 16.970119
4562.000000 16.069668
4563.000000 17.347652
4564.000000 18.625559
4565.000000 18.349545
4566.000000 17.596392
4567.000000 17.865196
4568.000000 18.054287
4569.000000 17.075200
4570.000000 17.677847
4571.000000 17.617402
4572.000000 17.323948
4573.000000 17.917963
4574.000000 17.721765
4575.000000 17.275741
4576.000000 17.192998
4577.000000 17.897914
4578.000000 17.671255
4579.000000 17.506197
4580.000000 17.291362
4581.000000 17.616902
4582.000000 17.787810
4583.000000 17.705300
4584.000000 18.165531
4585.000000 17.705168
4586.000000 17.257567
4587.000000 17.589253
4588.000000 17.213922
4589.000000 17.748453
4590.000000 17.145760
4591.000000 18.067440
4592.000000 18.945654
4593.000000 15.207925
4594.000000 14.628211
4595.000000 15.855263
4596.000000 18.026622
4597.000000 18.149184
4598.000000 16.652116
4599.000000 14.392155
4600.000000 15.855763
4601.000000 17.354494
4602.000000 16.504358
4603.000000 16.803381
4604.000000 17.417517
4605.000000 17.074287
4606.000000 15.910210
4607.000000 16.527110
4608.000000 16.583658
4609.000000 16.480591
4610.000000 16.467704
4611.000000 16.683163
4612.000000 16.395309
4613.000000 15.761522
4614.000000 16.465923
4615.000000 16.491674
4616.000000 17.083792
4617.000000 17.007820
4618.000000 16.506256
4619.000000 16.244489
4620.000000 16.820291
4621.000000 16.443241
4622.000000 17.331680
4623.000000 17.249405
4624.000000 14.769306
4625.000000 15.666461
4626.000000 17.701309
4627.000000 17.327283
4628.000000 17.072592
4629.000000 17.061688
4630.000000 17.072678
4631.000000 17.462638
4632.000000 17.211985
4633.000000 16.047791
4634.000000 16.156020
4635.000000 17.618183
4636.000000 17.132748
4637.000000 17.097788
4638.000000 17.500526
4639.000000 16.850877
4640.000000 17.211258
4641.000000 16.100511
4642.000000 15.884724
4643.000000 16.793282
4644.000000 17.333609
4645.000000 16.425504
4646.000000 16.778091
4647.000000 16.865256
4648.000000 16.545590
4649.000000 16.139235
4650.000000 16.433416
4651.000000 16.391286
4652.000000 16.170352
4653.000000 16.260961
4654.000000 14.371325
4655.000000 14.667443
4656.000000 15.752368
4657.000000 16.788744
4658.000000 16.278004
4659.000000 16.075877
4660.000000 16.652241
4661.000000 16.511903
4662.000000 13.472850
4663.000000 13.017212
4664.000000 16.689317
4665.000000 16.117749
4666.000000 15.392229
4667.000000 16.490432
4668.000000 16.333911
4669.000000 16.059819
4670.000000 15.765755
4671.000000 15.570549
4672.000000 15.420417
4673.000000 15.360971
4674.000000 15.199646
4675.000000 15.831340
4676.000000 16.422075
4677.000000 15.611062
4678.000000 14.596602
4679.000000 15.374600
4680.000000 15.341828
4681.000000 17.059494
4682.000000 17.788404
4683.000000 16.930707
4684.000000 14.966637
4685.000000 12.856536
4686.000000 12.758983
4687.000000 14.418680
4688.000000 14.194426
4689.000000 14.318612
4690.000000 14.596883
4691.000000 14.087728
4692.000000 13.594560
4693.000000 13.401283
4694.000000 14.378331
4695.000000 13.913492
4696.000000 13.218042
4697.000000 13.040604
4698.000000 13.834310
4699.000000 14.161880
4700.000000 13.890678
4701.000000 14.180406
4702.000000 14.876239
4703.000000 15.507565
4704.000000 14.594220
4705.000000 13.636651
4706.000000 14.045543
4707.000000 14.293455
4708.000000 15.344124
4709.000000 13.601996
4710.000000 12.427039
4711.000000 13.007738
4712.000000 13.939118
4713.000000 14.598062
4714.000000 13.959425
4715.000000 13.750301
4716.000000 13.966861
4717.000000 13.960495
4718.000000 14.317839
4719.000000 14.416547
4720.000000 14.107191
4721.000000 13.861928
4722.000000 14.301937
4723.000000 14.438729
4724.000000 14.339911
4725.000000 14.414040
4726.000000 14.211719
4727.000000 14.281794
4728.000000 14.389726
4729.000000 14.514233
4730.000000 14.344785
4731.000000 14.914276
4732.000000 14.548380
4733.000000 13.473811
4734.000000 13.352351
4735.000000 13.668135
4736.000000 13.969532
4737.000000 13.570895
4738.000000 13.377196
4739.000000 13.799952
4740.000000 14.121078
4741.000000 14.186803
4742.000000 13.826382
4743.000000 13.542308
4744.000000 13.810847
4745.000000 14.181148
4746.000000 13.898598
4747.000000 13.694487
4748.000000 13.925880
4749.000000 13.764078
4750.000000 13.675281
4751.000000 13.951865
4752.000000 13.958668
4753.000000 13.929433
4754.000000 13.799975
4755.000000 13.965299
4756.000000 13.804490
4757.000000 13.922677
4758.000000 13.887788
4759.000000 13.711264
4760.000000 13.342814
4761.000000 13.567458
4762.000000 13.589702
4763.000000 13.498906
4764.000000 13.398581
4765.000000 13.893544
4766.000000 14.278670
4767.000000 13.871777
4768.000000 13.325233
4769.000000 13.577073
4770.000000 13.576018
4771.000000 13.557148
4772.000000 13.501226
4773.000000 13.392379
4774.000000 13.445139
4775.000000 13.224962
4776.000000 13.463618
4777.000000 13.750933
4778.000000 13.529890
4779.000000 14.016817
4780.000000 13.630918
4781.000000 13.665370
4782.000000 13.958847
4783.000000 13.893677
4784.000000 13.793125
4785.000000 13.857179
4786.000000 14.117259
4787.000000 14.066077
4788.000000 13.684974
4789.000000 14.280154
4790.000000 14.183866
4791.000000 13.637557
4792.000000 13.833763
4793.000000 14.320932
4794.000000 14.705979
4795.000000 13.888382
4796.000000 13.529413
4797.000000 13.711577
4798.000000 14.227168
4799.000000 15.248134
4800.000000 14.350698
4801.000000 13.998478
4802.000000 14.665599
4803.000000 14.805227
4804.000000 14.990467
4805.000000 14.602436
4806.000000 14.833438
4807.000000 14.763003
4808.000000 14.605209
4809.000000 15.287647
4810.000000 14.919681
4811.000000 14.805500
4812.000000 14.701574
4813.000000 15.157954
4814.000000 14.998270
4815.000000 14.987405
4816.000000 15.253812
4817.000000 15.518133
4818.000000 15.406990
4819.000000 15.117371
4820.000000 15.116988
4821.000000 15.918879
4822.000000 15.847414
4823.000000 15.857895
4824.000000 16.291961
4825.000000 16.733048
4826.000000 16.684194
4827.000000 16.503163
4828.000000 16.861835
4829.000000 16.728338
4830.000000 16.580073
4831.000000 16.600661
4832.000000 16.695753
4833.000000 16.627521
4834.000000 17.324486
4835.000000 17.617831
4836.000000 17.306280
4837.000000 16.985622
4838.000000 17.540594
4839.000000 17.571968
4840.000000 18.634908
4841.000000 19.488957
4842.000000 18.611625
4843.000000 17.949041
4844.000000 17.572538
4845.000000 19.989021
4846.000000 19.121366
4847.000000 21.461868
4848.000000 20.462670
4849.000000 17.010936
4850.000000 22.238640
4851.000000 22.771407
4852.000000 21.415146
4853.000000 20.213649
4854.000000 19.543903
4855.000000 21.359043
4856.000000 22.058063
4857.000000 21.552985
4858.000000 21.929456
4859.000000 23.399562
4860.000000 22.353673
4861.000000 21.986558
4862.000000 22.051924
4863.000000 21.938399
4864.000000 22.667762
4865.000000 23.492545
4866.000000 23.567721
4867.000000 22.621712
4868.000000 21.802349
4869.000000 21.864278
4870.000000 21.794671
4871.000000 21.801130
4872.000000 21.815642
4873.000000 21.677100
4874.000000 20.792794
4875.000000 21.090223
4876.000000 23.448487
4877.000000 22.870435
4878.000000 22.082416
4879.000000 19.867100
4880.000000 16.861483
4881.000000 17.402552
4882.000000 17.518818
4883.000000 19.029827
4884.000000 19.746928
4885.000000 19.271850
4886.000000 18.651411
4887.000000 19.074433
4888.000000 18.774277
4889.000000 18.266395
4890.000000 18.645491
4891.000000 17.898679
4892.000000 16.059952
4893.000000 16.510099
4894.000000 16.523556
4895.000000 16.828054
4896.000000 16.612869
4897.000000 16.299693
4898.000000 16.246262
4899.000000 17.080629
4900.000000 17.513109
4901.000000 16.921264
4902.000000 17.768190
4903.000000 15.808877
4904.000000 15.650067
4905.000000 16.374611
4906.000000 15.216743
4907.000000 15.255421
4908.000000 16.070668
4909.000000 17.135731
4910.000000 17.551232
4911.000000 16.039504
4912.000000 13.504592
4913.000000 11.350111
4914.000000 11.935598
4915.000000 14.169394
4916.000000 15.010430
4917.000000 15.571455
4918.000000 15.452783
4919.000000 16.366652
4920.000000 17.487842
4921.000000 16.264570
4922.000000 13.602379
4923.000000 13.251080
4924.000000 13.424894
4925.000000 15.376459
4926.000000 16.345884
4927.000000 15.857677
4928.000000 16.013401
4929.000000 18.372188
4930.000000 18.821616
4931.000000 20.445846
4932.000000 15.073375
4933.000000 14.238071
4934.000000 13.874885
4935.000000 15.425853
4936.000000 16.622429
4937.000000 16.811598
4938.000000 16.176124
4939.000000 16.602762
4940.000000 16.205952
4941.000000 15.572970
4942.000000 17.022003
4943.000000 18.196968
4944.000000 17.196176
4945.000000 14.378058
4946.000000 13.920131
4947.000000 14.250583
4948.000000 16.349680
4949.000000 16.647430
4950.000000 16.982951
4951.000000 17.836711
4952.000000 17.791340
4953.000000 15.481354
4954.000000 15.506527
4955.000000 15.173333
4956.000000 16.211357
4957.000000 16.875190
4958.000000 16.666105
4959.000000 16.070207
4960.000000 15.819608
4961.000000 15.929509
4962.000000 15.826271
4963.000000 15.062261
4964.000000 14.632842
4965.000000 14.553113
4966.000000 14.805211
4967.000000 14.659655
4968.000000 14.579020
4969.000000 15.503527
4970.000000 15.145801
4971.000000 13.389146
4972.000000 10.687598
4973.000000 12.818561
4974.000000 14.537344
4975.000000 15.506503
4976.000000 16.204664
4977.000000 16.966651
4978.000000 16.306153
4979.000000 15.189743
4980.000000 14.354658
4981.000000 14.364616
4982.000000 16.179342
4983.000000 16.157606
4984.000000 16.083008
4985.000000 16.266468
4986.000000 16.788182
4987.000000 16.544566
4988.000000 17.066203
4989.000000 17.620049
4990.000000 17.370631
4991.000000 17.777836
4992.000000 18.142045
4993.000000 18.966711
4994.000000 18.723822
4995.000000 19.318314
4996.000000 19.742414
4997.000000 20.478837
4998.000000 21.236341
4999.000000 21.308978
5000.000000 19.991215
5001.000000 21.176724
5002.000000 21.393511
5003.000000 20.923142
5004.000000 21.709842
5005.000000 21.783533
5006.000000 21.452644
5007.000000 20.222873
5008.000000 18.612546
5009.000000 18.936563
5010.000000 18.745933
5011.000000 18.110866
5012.000000 17.895376
5013.000000 17.554293
5014.000000 16.887875
5015.000000 16.555868
5016.000000 16.751496
5017.000000 16.164330
5018.000000 15.747471
5019.000000 15.452041
5020.000000 15.092690
5021.000000 15.335041
5022.000000 15.416207
5023.000000 15.352388
5024.000000 15.282687
5025.000000 15.028152
5026.000000 15.068173
5027.000000 15.076429
5028.000000 14.999254
5029.000000 15.204879
5030.000000 15.694860
5031.000000 14.710017
5032.000000 13.347586
5033.000000 13.878002
5034.000000 15.076429
5035.000000 15.055942
5036.000000 15.298183
5037.000000 15.294411
5038.000000 15.059714
5039.000000 12.506659
5040.000000 13.573847
5041.000000 14.801032
5042.000000 14.297040
5043.000000 13.507482
5044.000000 13.578799
5045.000000 14.690272
5046.000000 15.556537
5047.000000 13.104869
5048.000000 10.913413
5049.000000 11.123889
5050.000000 12.404162
5051.000000 13.446123
5052.000000 14.436449
5053.000000 12.994288
5054.000000 13.230929
5055.000000 13.956567
5056.000000 14.316496
5057.000000 12.670116
5058.000000 10.578642
5059.000000 10.183769
5060.000000 10.762008
5061.000000 12.385089
5062.000000 12.899071
5063.000000 13.219565
5064.000000 13.369206
5065.000000 13.730642
5066.000000 13.869980
5067.000000 11.676213
5068.000000 11.770274
5069.000000 12.386089
5070.000000 12.757499
5071.000000 12.390033
5072.000000 12.526896
5073.000000 11.203111
5074.000000 12.333579
5075.000000 12.578343
5076.000000 12.539041
5077.000000 12.189765
5078.000000 12.316037
5079.000000 12.682449
5080.000000 12.476510
5081.000000 12.285162
5082.000000 12.645544
5083.000000 12.494849
5084.000000 11.964895
5085.000000 11.965114
5086.000000 11.952258
5087.000000 11.769446
5088.000000 12.148878
5089.000000 12.165217
5090.000000 12.148995
5091.000000 12.252952
5092.000000 13.633691
5093.000000 14.669215
5094.000000 14.518653
5095.000000 12.079591
5096.000000 9.219265
5097.000000 8.454677
5098.000000 13.456706
5099.000000 13.254165
5100.000000 11.000000
5101.000000 10.823812
5102.000000 11.279864
5103.000000 12.510736
5104.000000 12.296245
5105.000000 11.960966
5106.000000 11.763534
5107.000000 12.190062
5108.000000 11.602717
5109.000000 11.591470
5110.000000 11.623250
5111.000000 11.865124
5112.000000 11.681540
5113.000000 11.531407
5114.000000 12.018568
5115.000000 11.607661
5116.000000 11.852346
5117.000000 11.671386
5118.000000 12.084145
5119.000000 12.020005
5120.000000 12.127212
5121.000000 12.325886
5122.000000 12.689033
5123.000000 13.162533
5124.000000 13.723979
5125.000000 12.867486
5126.000000 10.908883
5127.000000 10.244839
5128.000000 11.081768
5129.000000 12.159609
5130.000000 12.287849
5131.000000 12.291184
5132.000000 12.398593
5133.000000 12.681246
5134.000000 13.760064
5135.000000 15.576961
5136.000000 13.593490
5137.000000 11.211702
5138.000000 7.122847
5139.000000 6.317809
5140.000000 9.576585
5141.000000 13.052383
5142.000000 12.236441
5143.000000 12.754773
5144.000000 12.806494
5145.000000 12.593941
5146.000000 13.516870
5147.000000 14.915526
5148.000000 15.655394
5149.000000 13.603933
5150.000000 9.205284
5151.000000 10.021749
5152.000000 11.640465
5153.000000 12.927431
5154.000000 12.281116
5155.000000 13.012213
5156.000000 14.067920
5157.000000 17.677589
5158.000000 19.083274
5159.000000 16.832288
5160.000000 2.638190
5161.000000 2.764188
5162.000000 9.162498
5163.000000 13.038894
5164.000000 13.403626
5165.000000 13.455199
5166.000000 13.741444
5167.000000 13.416568
5168.000000 13.038402
5169.000000 14.157975
5170.000000 14.815685
5171.000000 16.200048
5172.000000 19.149796
5173.000000 21.625762
5174.000000 17.063524
5175.000000 16.341768
5176.000000 7.129041
5177.000000 -3.639653
5178.000000 2.987379
5179.000000 16.594014
5180.000000 20.527442
5181.000000 15.186845
5182.000000 9.234433
5183.000000 5.199766
5184.000000 6.955633
5185.000000 2.998079
5186.000000 7.622833
5187.000000 14.921024
5188.000000 15.641726
5189.000000 13.855414
5190.000000 11.044027
5191.000000 9.646473
5192.000000 11.271194
5193.000000 11.067264
5194.000000 11.621532
5195.000000 12.205340
5196.000000 13.550096
5197.000000 12.881357
5198.000000 12.582881
5199.000000 12.814672
5200.000000 12.668233
5201.000000 13.587859
5202.000000 13.972422
5203.000000 14.103755
5204.000000 12.214509
5205.000000 11.703682
5206.000000 14.200924
5207.000000 16.809450
5208.000000 17.801221
5209.000000 14.729434
5210.000000 14.140479
5211.000000 8.764830
5212.000000 -2.708655
5213.000000 4.140443
5214.000000 12.705294
5215.000000 13.937431
5216.000000 14.993568
5217.000000 10.442443
5218.000000 8.421170
5219.000000 8.671182
5220.000000 10.599410
5221.000000 13.782948
5222.000000 12.800230
5223.000000 13.002630
5224.000000 13.329638
5225.000000 12.774932
5226.000000 11.821214
5227.000000 10.354826
5228.000000 10.192478
5229.000000 11.798337
5230.000000 12.216477
5231.000000 12.443949
5232.000000 13.485581
5233.000000 15.077944
5234.000000 16.664480
5235.000000 13.430603
5236.000000 8.753598
5237.000000 8.038794
5238.000000 11.380095
5239.000000 13.446490
5240.000000 11.779569
5241.000000 11.122312
5242.000000 11.280090
5243.000000 13.384163
5244.000000 18.190970
5245.000000 23.205480
5246.000000 18.864058
5247.000000 8.311839
5248.000000 1.820092
5249.000000 4.370437
5250.000000 12.392345
5251.000000 12.694844
5252.000000 12.953010
5253.000000 13.500999
5254.000000 13.516183
5255.000000 14.270828
5256.000000 15.968538
5257.000000 16.054508
5258.000000 8.720685
5259.000000 6.854886
5260.000000 9.145745
5261.000000 12.150135
5262.000000 12.614888
5263.000000 13.357279
5264.000000 13.899254
5265.000000 16.767305
5266.000000 22.196636
5267.000000 26.610562
5268.000000 14.721709
5269.000000 2.661574
5270.000000 0.347955
5271.000000 6.096351
5272.000000 12.570337
5273.000000 12.097259
5274.000000 11.800961
5275.000000 11.633505
5276.000000 13.200109
5277.000000 14.186460
5278.000000 14.065632
5279.000000 12.641928
5280.000000 12.620801
5281.000000 15.102274
5282.000000 15.551648
5283.000000 15.575079
5284.000000 9.462037
5285.000000 6.520865
5286.000000 10.269997
5287.000000 11.296781
5288.000000 12.634742
5289.000000 14.472205
5290.000000 16.978062
5291.000000 23.371936
5292.000000 24.457682
5293.000000 13.585172
5294.000000 -0.298054
5295.000000 0.252684
5296.000000 7.706131
5297.000000 14.833055
5298.000000 13.920076
5299.000000 12.978215
5300.000000 14.139956
5301.000000 16.247816
5302.000000 16.214552
5303.000000 5.143805
5304.000000 5.259220
5305.000000 6.804149
5306.000000 11.815122
5307.000000 15.224726
5308.000000 16.983061
5309.000000 16.261531
5310.000000 16.916195
5311.000000 16.838622
5312.000000 20.023355
5313.000000 13.980217
5314.000000 7.721346
5315.000000 -0.377869
5316.000000 3.522770
5317.000000 13.249479
5318.000000 17.565072
5319.000000 17.117752
5320.000000 17.170402
5321.000000 13.173929
5322.000000 13.312306
5323.000000 10.311681
5324.000000 10.270871
5325.000000 8.608136
5326.000000 8.627944
5327.000000 10.543417
5328.000000 14.003297
5329.000000 12.725601
5330.000000 13.332293
5331.000000 11.504414
5332.000000 11.143853
5333.000000 11.137925
5334.000000 11.952968
5335.000000 10.896754
5336.000000 10.125347
5337.000000 11.247685
5338.000000 11.656835
5339.000000 12.186641
5340.000000 10.507801
5341.000000 11.327453
5342.000000 11.743758
5343.000000 12.365297
5344.000000 14.711064
5345.000000 14.126725
5346.000000 11.826080
5347.000000 14.934247
5348.000000 17.483507
5349.000000 22.775851
5350.000000 25.210570
5351.000000 37.481033
5352.000000 17.311513
5353.000000 -9.130210
5354.000000 -29.451011
5355.000000 -10.508957
5356.000000 17.186679
5357.000000 19.924936
5358.000000 9.383026
5359.000000 1.399414
5360.000000 4.814868
5361.000000 13.822391
5362.000000 11.904801
5363.000000 8.539037
5364.000000 10.771451
5365.000000 12.602149
5366.000000 14.792761
5367.000000 6.005992
5368.000000 4.585725
5369.000000 9.388494
5370.000000 11.017886
5371.000000 6.381425
