1960.00 0.18399
1961.00 0.18443
1962.00 0.18486
1963.00 0.18530
1964.00 0.18573
1965.00 0.18617
1966.00 0.18660
1967.00 0.18704
1968.00 0.18747
1969.00 0.18791
1970.00 0.18835
1971.00 0.18879
1972.00 0.18922
1973.00 0.18966
1974.00 0.19010
1975.00 0.19054
1976.00 0.19098
1977.00 0.19142
1978.00 0.19186
1979.00 0.19231
1980.00 0.19275
1981.00 0.19319
1982.00 0.19363
1983.00 0.19408
1984.00 0.19452
1985.00 0.19496
1986.00 0.19541
1987.00 0.19585
1988.00 0.19630
1989.00 0.19675
1990.00 0.19719
1991.00 0.19764
1992.00 0.19809
1993.00 0.19854
1994.00 0.19898
1995.00 0.19943
1996.00 0.19988
1997.00 0.20033
1998.00 0.20078
1999.00 0.20123
2000.00 0.20168
2001.00 0.20214
2002.00 0.20259
2003.00 0.20304
2004.00 0.20349
2005.00 0.20395
2006.00 0.20440
2007.00 0.20485
2008.00 0.20531
2009.00 0.20576
2010.00 0.20622
2011.00 0.20667
2012.00 0.20713
2013.00 0.20759
2014.00 0.20805
2015.00 0.20850
2016.00 0.20896
2017.00 0.20942
2018.00 0.20988
2019.00 0.21034
2020.00 0.21080
2021.00 0.21126
2022.00 0.21172
2023.00 0.21218
2024.00 0.21264
2025.00 0.21310
2026.00 0.21357
2027.00 0.21403
2028.00 0.21449
2029.00 0.21496
2030.00 0.21542
2031.00 0.21589
2032.00 0.21635
2033.00 0.21682
2034.00 0.21728
2035.00 0.21775
2036.00 0.21821
2037.00 0.21868
2038.00 0.21915
2039.00 0.21962
2040.00 0.22009
2041.00 0.22056
2042.00 0.22102
2043.00 0.22149
2044.00 0.22196
2045.00 0.22243
2046.00 0.22291
2047.00 0.22338
2048.00 0.22385
2049.00 0.22432
2050.00 0.22479
2051.00 0.22527
2052.00 0.22574
2053.00 0.22621
2054.00 0.22669
2055.00 0.22716
2056.00 0.22764
2057.00 0.22811
2058.00 0.22859
2059.00 0.22907
2060.00 0.22954
2061.00 0.23002
2062.00 0.23050
2063.00 0.23097
2064.00 0.23145
2065.00 0.23193
2066.00 0.23241
2067.00 0.23289
2068.00 0.23337
2069.00 0.23385
2070.00 0.23433
2071.00 0.23481
2072.00 0.23529
2073.00 0.23578
2074.00 0.23626
2075.00 0.23674
2076.00 0.23722
2077.00 0.23771
2078.00 0.23819
2079.00 0.23868
2080.00 0.23916
2081.00 0.23965
2082.00 0.24013
2083.00 0.24062
2084.00 0.24110
2085.00 0.24159
2086.00 0.24208
2087.00 0.24256
2088.00 0.24305
2089.00 0.24354
2090.00 0.24403
2091.00 0.24452
2092.00 0.24501
2093.00 0.24550
2094.00 0.24599
2095.00 0.24648
2096.00 0.24697
2097.00 0.24746
2098.00 0.24795
2099.00 0.24844
2100.00 0.24894
2101.00 0.24943
2102.00 0.24992
2103.00 0.25042
2104.00 0.25091
2105.00 0.25140
2106.00 0.25190
2107.00 0.25239
2108.00 0.25289
2109.00 0.25338
2110.00 0.25388
2111.00 0.25438
2112.00 0.25487
2113.00 0.25537
2114.00 0.25587
2115.00 0.25637
2116.00 0.25686
2117.00 0.25736
2118.00 0.25786
2119.00 0.25836
2120.00 0.25886
2121.00 0.25936
2122.00 0.25986
2123.00 0.26036
2124.00 0.26086
2125.00 0.26137
2126.00 0.26187
2127.00 0.26237
2128.00 0.26287
2129.00 0.26338
2130.00 0.26388
2131.00 0.26438
2132.00 0.26489
2133.00 0.26539
2134.00 0.26590
2135.00 0.26640
2136.00 0.26691
2137.00 0.26741
2138.00 0.26792
2139.00 0.26843
2140.00 0.26893
2141.00 0.26944
2142.00 0.26995
2143.00 0.27046
2144.00 0.27096
2145.00 0.27147
2146.00 0.27198
2147.00 0.27249
2148.00 0.27300
2149.00 0.27351
2150.00 0.27402
2151.00 0.27453
2152.00 0.27504
2153.00 0.27556
2154.00 0.27607
2155.00 0.27658
2156.00 0.27709
2157.00 0.27760
2158.00 0.27812
2159.00 0.27863
2160.00 0.27914
2161.00 0.27966
2162.00 0.28017
2163.00 0.28069
2164.00 0.28120
2165.00 0.28172
2166.00 0.28223
2167.00 0.28275
2168.00 0.28327
2169.00 0.28378
2170.00 0.28430
2171.00 0.28482
2172.00 0.28534
2173.00 0.28585
2174.00 0.28637
2175.00 0.28689
2176.00 0.28741
2177.00 0.28793
2178.00 0.28845
2179.00 0.28897
2180.00 0.28949
2181.00 0.29001
2182.00 0.29053
2183.00 0.29105
2184.00 0.29157
2185.00 0.29210
2186.00 0.29262
2187.00 0.29314
2188.00 0.29366
2189.00 0.29419
2190.00 0.29471
2191.00 0.29523
2192.00 0.29576
2193.00 0.29628
2194.00 0.29681
2195.00 0.29733
2196.00 0.29786
2197.00 0.29838
2198.00 0.29891
2199.00 0.29944
2200.00 0.29996
2201.00 0.30049
2202.00 0.30102
2203.00 0.30154
2204.00 0.30207
2205.00 0.30260
2206.00 0.30313
2207.00 0.30366
2208.00 0.30419
2209.00 0.30471
2210.00 0.30524
2211.00 0.30577
2212.00 0.30630
2213.00 0.30683
2214.00 0.30737
2215.00 0.30790
2216.00 0.30843
2217.00 0.30896
2218.00 0.30949
2219.00 0.31002
2220.00 0.31056
2221.00 0.31109
2222.00 0.31162
2223.00 0.31216
2224.00 0.31269
2225.00 0.31322
2226.00 0.31376
2227.00 0.31429
2228.00 0.31483
2229.00 0.31536
2230.00 0.31590
2231.00 0.31643
2232.00 0.31697
2233.00 0.31750
2234.00 0.31804
2235.00 0.31858
2236.00 0.31911
2237.00 0.31965
2238.00 0.32019
2239.00 0.32073
2240.00 0.32127
2241.00 0.32180
2242.00 0.32234
2243.00 0.32288
2244.00 0.32342
2245.00 0.32396
2246.00 0.32450
2247.00 0.32504
2248.00 0.32558
2249.00 0.32612
2250.00 0.32666
2251.00 0.32720
2252.00 0.32774
2253.00 0.32829
2254.00 0.32883
2255.00 0.32937
2256.00 0.32991
2257.00 0.33045
2258.00 0.33100
2259.00 0.33154
2260.00 0.33208
2261.00 0.33263
2262.00 0.33317
2263.00 0.33372
2264.00 0.33426
2265.00 0.33480
2266.00 0.33535
2267.00 0.33589
2268.00 0.33644
2269.00 0.33699
2270.00 0.33753
2271.00 0.33808
2272.00 0.33862
2273.00 0.33917
2274.00 0.33972
2275.00 0.34027
2276.00 0.34081
2277.00 0.34136
2278.00 0.34191
2279.00 0.34246
2280.00 0.34301
2281.00 0.34355
2282.00 0.34410
2283.00 0.34465
2284.00 0.34520
2285.00 0.34575
2286.00 0.34630
2287.00 0.34685
2288.00 0.34740
2289.00 0.34795
2290.00 0.34850
2291.00 0.34905
2292.00 0.34961
2293.00 0.35016
2294.00 0.35071
2295.00 0.35126
2296.00 0.35181
2297.00 0.35237
2298.00 0.35292
2299.00 0.35347
2300.00 0.35402
2301.00 0.35458
2302.00 0.35513
2303.00 0.35569
2304.00 0.35624
2305.00 0.35679
2306.00 0.35735
2307.00 0.35790
2308.00 0.35846
2309.00 0.35901
2310.00 0.35957
2311.00 0.36012
2312.00 0.36068
2313.00 0.36124
2314.00 0.36179
2315.00 0.36235
2316.00 0.36291
2317.00 0.36346
2318.00 0.36402
2319.00 0.36458
2320.00 0.36513
2321.00 0.36569
2322.00 0.36625
2323.00 0.36681
2324.00 0.36737
2325.00 0.36793
2326.00 0.36848
2327.00 0.36904
2328.00 0.36960
2329.00 0.37016
2330.00 0.37072
2331.00 0.37128
2332.00 0.37184
2333.00 0.37240
2334.00 0.37296
2335.00 0.37352
2336.00 0.37408
2337.00 0.37465
2338.00 0.37521
2339.00 0.37577
2340.00 0.37633
2341.00 0.37689
2342.00 0.37745
2343.00 0.37802
2344.00 0.37858
2345.00 0.37914
2346.00 0.37970
2347.00 0.38027
2348.00 0.38083
2349.00 0.38139
2350.00 0.38196
2351.00 0.38252
2352.00 0.38308
2353.00 0.38365
2354.00 0.38421
2355.00 0.38478
2356.00 0.38534
2357.00 0.38591
2358.00 0.38647
2359.00 0.38704
2360.00 0.38760
2361.00 0.38817
2362.00 0.38873
2363.00 0.38930
2364.00 0.38987
2365.00 0.39043
2366.00 0.39100
2367.00 0.39157
2368.00 0.39213
2369.00 0.39270
2370.00 0.39327
2371.00 0.39384
2372.00 0.39440
2373.00 0.39497
2374.00 0.39554
2375.00 0.39611
2376.00 0.39668
2377.00 0.39724
2378.00 0.39781
2379.00 0.39838
2380.00 0.39895
2381.00 0.39952
2382.00 0.40009
2383.00 0.40066
2384.00 0.40123
2385.00 0.40180
2386.00 0.40237
2387.00 0.40294
2388.00 0.40351
2389.00 0.40408
2390.00 0.40465
2391.00 0.40522
2392.00 0.40579
2393.00 0.40636
2394.00 0.40693
2395.00 0.40750
2396.00 0.40808
2397.00 0.40865
2398.00 0.40922
2399.00 0.40979
2400.00 0.41036
2401.00 0.41094
2402.00 0.41151
2403.00 0.41208
2404.00 0.41265
2405.00 0.41323
2406.00 0.41380
2407.00 0.41437
2408.00 0.41495
2409.00 0.41552
2410.00 0.41609
2411.00 0.41667
2412.00 0.41724
2413.00 0.41782
2414.00 0.41839
2415.00 0.41896
2416.00 0.41954
2417.00 0.42011
2418.00 0.42069
2419.00 0.42126
2420.00 0.42184
2421.00 0.42241
2422.00 0.42299
2423.00 0.42356
2424.00 0.42414
2425.00 0.42471
2426.00 0.42529
2427.00 0.42587
2428.00 0.42644
2429.00 0.42702
2430.00 0.42760
2431.00 0.42817
2432.00 0.42875
2433.00 0.42933
2434.00 0.42990
2435.00 0.43048
2436.00 0.43106
2437.00 0.43163
2438.00 0.43221
2439.00 0.43279
2440.00 0.43337
2441.00 0.43394
2442.00 0.43452
2443.00 0.43510
2444.00 0.43568
2445.00 0.43626
2446.00 0.43684
2447.00 0.43741
2448.00 0.43799
2449.00 0.43857
2450.00 0.43915
2451.00 0.43973
2452.00 0.44031
2453.00 0.44089
2454.00 0.44147
2455.00 0.44205
2456.00 0.44263
2457.00 0.44321
2458.00 0.44379
2459.00 0.44437
2460.00 0.44495
2461.00 0.44553
2462.00 0.44611
2463.00 0.44669
2464.00 0.44727
2465.00 0.44785
2466.00 0.44843
2467.00 0.44901
2468.00 0.44959
2469.00 0.45017
2470.00 0.45075
2471.00 0.45133
2472.00 0.45191
2473.00 0.45249
2474.00 0.45308
2475.00 0.45366
2476.00 0.45424
2477.00 0.45482
2478.00 0.45540
2479.00 0.45598
2480.00 0.45657
2481.00 0.45715
2482.00 0.45773
2483.00 0.45831
2484.00 0.45890
2485.00 0.45948
2486.00 0.46006
2487.00 0.46064
2488.00 0.46123
2489.00 0.46181
2490.00 0.46239
2491.00 0.46297
2492.00 0.46356
2493.00 0.46414
2494.00 0.46472
2495.00 0.46531
2496.00 0.46589
2497.00 0.46647
2498.00 0.46706
2499.00 0.46764
2500.00 0.46823
2501.00 0.46881
2502.00 0.46939
2503.00 0.46998
2504.00 0.47056
2505.00 0.47115
2506.00 0.47173
2507.00 0.47231
2508.00 0.47290
2509.00 0.47348
2510.00 0.47407
2511.00 0.47465
2512.00 0.47524
2513.00 0.47582
2514.00 0.47641
2515.00 0.47699
2516.00 0.47758
2517.00 0.47816
2518.00 0.47875
2519.00 0.47933
2520.00 0.47992
2521.00 0.48050
2522.00 0.48109
2523.00 0.48167
2524.00 0.48226
2525.00 0.48284
2526.00 0.48343
2527.00 0.48402
2528.00 0.48460
2529.00 0.48519
2530.00 0.48577
2531.00 0.48636
2532.00 0.48694
2533.00 0.48753
2534.00 0.48812
2535.00 0.48870
2536.00 0.48929
2537.00 0.48988
2538.00 0.49046
2539.00 0.49105
2540.00 0.49163
2541.00 0.49222
2542.00 0.49281
2543.00 0.49339
2544.00 0.49398
2545.00 0.49457
2546.00 0.49515
2547.00 0.49574
2548.00 0.49633
2549.00 0.49691
2550.00 0.49750
2551.00 0.49809
2552.00 0.49868
2553.00 0.49926
2554.00 0.49985
2555.00 0.50044
2556.00 0.50102
2557.00 0.50161
2558.00 0.50220
2559.00 0.50279
2560.00 0.50337
2561.00 0.50396
2562.00 0.50455
2563.00 0.50514
2564.00 0.50572
2565.00 0.50631
2566.00 0.50690
2567.00 0.50749
2568.00 0.50807
2569.00 0.50866
2570.00 0.50925
2571.00 0.50984
2572.00 0.51042
2573.00 0.51101
2574.00 0.51160
2575.00 0.51219
2576.00 0.51278
2577.00 0.51336
2578.00 0.51395
2579.00 0.51454
2580.00 0.51513
2581.00 0.51572
2582.00 0.51630
2583.00 0.51689
2584.00 0.51748
2585.00 0.51807
2586.00 0.51866
2587.00 0.51924
2588.00 0.51983
2589.00 0.52042
2590.00 0.52101
2591.00 0.52160
2592.00 0.52218
2593.00 0.52277
2594.00 0.52336
2595.00 0.52395
2596.00 0.52454
2597.00 0.52513
2598.00 0.52571
2599.00 0.52630
2600.00 0.52689
2601.00 0.52748
2602.00 0.52807
2603.00 0.52866
2604.00 0.52924
2605.00 0.52983
2606.00 0.53042
2607.00 0.53101
2608.00 0.53160
2609.00 0.53219
2610.00 0.53278
2611.00 0.53336
2612.00 0.53395
2613.00 0.53454
2614.00 0.53513
2615.00 0.53572
2616.00 0.53631
2617.00 0.53689
2618.00 0.53748
2619.00 0.53807
2620.00 0.53866
2621.00 0.53925
2622.00 0.53984
2623.00 0.54043
2624.00 0.54101
2625.00 0.54160
2626.00 0.54219
2627.00 0.54278
2628.00 0.54337
2629.00 0.54396
2630.00 0.54455
2631.00 0.54513
2632.00 0.54572
2633.00 0.54631
2634.00 0.54690
2635.00 0.54749
2636.00 0.54808
2637.00 0.54866
2638.00 0.54925
2639.00 0.54984
2640.00 0.55043
2641.00 0.55102
2642.00 0.55161
2643.00 0.55219
2644.00 0.55278
2645.00 0.55337
2646.00 0.55396
2647.00 0.55455
2648.00 0.55514
2649.00 0.55572
2650.00 0.55631
2651.00 0.55690
2652.00 0.55749
2653.00 0.55808
2654.00 0.55866
2655.00 0.55925
2656.00 0.55984
2657.00 0.56043
2658.00 0.56102
2659.00 0.56160
2660.00 0.56219
2661.00 0.56278
2662.00 0.56337
2663.00 0.56396
2664.00 0.56454
2665.00 0.56513
2666.00 0.56572
2667.00 0.56631
2668.00 0.56690
2669.00 0.56748
2670.00 0.56807
2671.00 0.56866
2672.00 0.56925
2673.00 0.56983
2674.00 0.57042
2675.00 0.57101
2676.00 0.57160
2677.00 0.57218
2678.00 0.57277
2679.00 0.57336
2680.00 0.57395
2681.00 0.57453
2682.00 0.57512
2683.00 0.57571
2684.00 0.57630
2685.00 0.57688
2686.00 0.57747
2687.00 0.57806
2688.00 0.57864
2689.00 0.57923
2690.00 0.57982
2691.00 0.58040
2692.00 0.58099
2693.00 0.58158
2694.00 0.58217
2695.00 0.58275
2696.00 0.58334
2697.00 0.58393
2698.00 0.58451
2699.00 0.58510
2700.00 0.58568
2701.00 0.58627
2702.00 0.58686
2703.00 0.58744
2704.00 0.58803
2705.00 0.58862
2706.00 0.58920
2707.00 0.58979
2708.00 0.59037
2709.00 0.59096
2710.00 0.59155
2711.00 0.59213
2712.00 0.59272
2713.00 0.59330
2714.00 0.59389
2715.00 0.59448
2716.00 0.59506
2717.00 0.59565
2718.00 0.59623
2719.00 0.59682
2720.00 0.59740
2721.00 0.59799
2722.00 0.59857
2723.00 0.59916
2724.00 0.59974
2725.00 0.60033
2726.00 0.60091
2727.00 0.60150
2728.00 0.60208
2729.00 0.60267
2730.00 0.60325
2731.00 0.60384
2732.00 0.60442
2733.00 0.60501
2734.00 0.60559
2735.00 0.60618
2736.00 0.60676
2737.00 0.60735
2738.00 0.60793
2739.00 0.60851
2740.00 0.60910
2741.00 0.60968
2742.00 0.61027
2743.00 0.61085
2744.00 0.61143
2745.00 0.61202
2746.00 0.61260
2747.00 0.61318
2748.00 0.61377
2749.00 0.61435
2750.00 0.61493
2751.00 0.61552
2752.00 0.61610
2753.00 0.61668
2754.00 0.61727
2755.00 0.61785
2756.00 0.61843
2757.00 0.61902
2758.00 0.61960
2759.00 0.62018
2760.00 0.62076
2761.00 0.62135
2762.00 0.62193
2763.00 0.62251
2764.00 0.62309
2765.00 0.62367
2766.00 0.62426
2767.00 0.62484
2768.00 0.62542
2769.00 0.62600
2770.00 0.62658
2771.00 0.62717
2772.00 0.62775
2773.00 0.62833
2774.00 0.62891
2775.00 0.62949
2776.00 0.63007
2777.00 0.63065
2778.00 0.63123
2779.00 0.63181
2780.00 0.63240
2781.00 0.63298
2782.00 0.63356
2783.00 0.63414
2784.00 0.63472
2785.00 0.63530
2786.00 0.63588
2787.00 0.63646
2788.00 0.63704
2789.00 0.63762
2790.00 0.63820
2791.00 0.63878
2792.00 0.63936
2793.00 0.63994
2794.00 0.64052
2795.00 0.64109
2796.00 0.64167
2797.00 0.64225
2798.00 0.64283
2799.00 0.64341
2800.00 0.64399
2801.00 0.64457
2802.00 0.64515
2803.00 0.64573
2804.00 0.64630
2805.00 0.64688
2806.00 0.64746
2807.00 0.64804
2808.00 0.64862
2809.00 0.64919
2810.00 0.64977
2811.00 0.65035
2812.00 0.65093
2813.00 0.65150
2814.00 0.65208
2815.00 0.65266
2816.00 0.65324
2817.00 0.65381
2818.00 0.65439
2819.00 0.65497
2820.00 0.65554
2821.00 0.65612
2822.00 0.65669
2823.00 0.65727
2824.00 0.65785
2825.00 0.65842
2826.00 0.65900
2827.00 0.65957
2828.00 0.66015
2829.00 0.66073
2830.00 0.66130
2831.00 0.66188
2832.00 0.66245
2833.00 0.66303
2834.00 0.66360
2835.00 0.66418
2836.00 0.66475
2837.00 0.66533
2838.00 0.66590
2839.00 0.66647
2840.00 0.66705
2841.00 0.66762
2842.00 0.66820
2843.00 0.66877
2844.00 0.66934
2845.00 0.66992
2846.00 0.67049
2847.00 0.67106
2848.00 0.67164
2849.00 0.67221
2850.00 0.67278
2851.00 0.67336
2852.00 0.67393
2853.00 0.67450
2854.00 0.67507
2855.00 0.67565
2856.00 0.67622
2857.00 0.67679
2858.00 0.67736
2859.00 0.67793
2860.00 0.67850
2861.00 0.67908
2862.00 0.67965
2863.00 0.68022
2864.00 0.68079
2865.00 0.68136
2866.00 0.68193
2867.00 0.68250
2868.00 0.68307
2869.00 0.68364
2870.00 0.68421
2871.00 0.68478
2872.00 0.68535
2873.00 0.68592
2874.00 0.68649
2875.00 0.68706
2876.00 0.68763
2877.00 0.68820
2878.00 0.68877
2879.00 0.68934
2880.00 0.68991
2881.00 0.69048
2882.00 0.69104
2883.00 0.69161
2884.00 0.69218
2885.00 0.69275
2886.00 0.69332
2887.00 0.69388
2888.00 0.69445
2889.00 0.69502
2890.00 0.69559
2891.00 0.69615
2892.00 0.69672
2893.00 0.69729
2894.00 0.69785
2895.00 0.69842
2896.00 0.69899
2897.00 0.69955
2898.00 0.70012
2899.00 0.70069
2900.00 0.70125
2901.00 0.70182
2902.00 0.70238
2903.00 0.70295
2904.00 0.70351
2905.00 0.70408
2906.00 0.70464
2907.00 0.70521
2908.00 0.70577
2909.00 0.70634
2910.00 0.70690
2911.00 0.70747
2912.00 0.70803
2913.00 0.70859
2914.00 0.70916
2915.00 0.70972
2916.00 0.71028
2917.00 0.71085
2918.00 0.71141
2919.00 0.71197
2920.00 0.71253
2921.00 0.71310
2922.00 0.71366
2923.00 0.71422
2924.00 0.71478
2925.00 0.71535
2926.00 0.71591
2927.00 0.71647
2928.00 0.71703
2929.00 0.71759
2930.00 0.71815
2931.00 0.71871
2932.00 0.71927
2933.00 0.71983
2934.00 0.72039
2935.00 0.72095
2936.00 0.72151
2937.00 0.72207
2938.00 0.72263
2939.00 0.72319
2940.00 0.72375
2941.00 0.72431
2942.00 0.72487
2943.00 0.72543
2944.00 0.72599
2945.00 0.72655
2946.00 0.72711
2947.00 0.72766
2948.00 0.72822
2949.00 0.72878
2950.00 0.72934
2951.00 0.72989
2952.00 0.73045
2953.00 0.73101
2954.00 0.73156
2955.00 0.73212
2956.00 0.73268
2957.00 0.73323
2958.00 0.73379
2959.00 0.73435
2960.00 0.73490
2961.00 0.73546
2962.00 0.73601
2963.00 0.73657
2964.00 0.73712
2965.00 0.73768
2966.00 0.73823
2967.00 0.73879
2968.00 0.73934
2969.00 0.73990
2970.00 0.74045
2971.00 0.74100
2972.00 0.74156
2973.00 0.74211
2974.00 0.74266
2975.00 0.74322
2976.00 0.74377
2977.00 0.74432
2978.00 0.74488
2979.00 0.74543
2980.00 0.74598
2981.00 0.74653
2982.00 0.74708
2983.00 0.74764
2984.00 0.74819
2985.00 0.74874
2986.00 0.74929
2987.00 0.74984
2988.00 0.75039
2989.00 0.75094
2990.00 0.75149
2991.00 0.75204
2992.00 0.75259
2993.00 0.75314
2994.00 0.75369
2995.00 0.75424
2996.00 0.75479
2997.00 0.75534
2998.00 0.75589
2999.00 0.75643
3000.00 0.75698
3001.00 0.75753
3002.00 0.75808
3003.00 0.75863
3004.00 0.75917
3005.00 0.75972
3006.00 0.76027
3007.00 0.76081
3008.00 0.76136
3009.00 0.76191
3010.00 0.76245
3011.00 0.76300
3012.00 0.76355
3013.00 0.76409
3014.00 0.76464
3015.00 0.76518
3016.00 0.76573
3017.00 0.76627
3018.00 0.76682
3019.00 0.76736
3020.00 0.76791
3021.00 0.76845
3022.00 0.76899
3023.00 0.76954
3024.00 0.77008
3025.00 0.77062
3026.00 0.77117
3027.00 0.77171
3028.00 0.77225
3029.00 0.77280
3030.00 0.77334
3031.00 0.77388
3032.00 0.77442
3033.00 0.77496
3034.00 0.77551
3035.00 0.77605
3036.00 0.77659
3037.00 0.77713
3038.00 0.77767
3039.00 0.77821
3040.00 0.77875
3041.00 0.77929
3042.00 0.77983
3043.00 0.78037
3044.00 0.78091
3045.00 0.78145
3046.00 0.78199
3047.00 0.78252
3048.00 0.78306
3049.00 0.78360
3050.00 0.78414
3051.00 0.78468
3052.00 0.78521
3053.00 0.78575
3054.00 0.78629
3055.00 0.78683
3056.00 0.78736
3057.00 0.78790
3058.00 0.78844
3059.00 0.78897
3060.00 0.78951
3061.00 0.79004
3062.00 0.79058
3063.00 0.79111
3064.00 0.79165
3065.00 0.79218
3066.00 0.79272
3067.00 0.79325
3068.00 0.79379
3069.00 0.79432
3070.00 0.79485
3071.00 0.79539
3072.00 0.79592
3073.00 0.79645
3074.00 0.79699
3075.00 0.79752
3076.00 0.79805
3077.00 0.79858
3078.00 0.79912
3079.00 0.79965
3080.00 0.80018
3081.00 0.80071
3082.00 0.80124
3083.00 0.80177
3084.00 0.80230
3085.00 0.80283
3086.00 0.80336
3087.00 0.80389
3088.00 0.80442
3089.00 0.80495
3090.00 0.80548
3091.00 0.80601
3092.00 0.80654
3093.00 0.80707
3094.00 0.80759
3095.00 0.80812
3096.00 0.80865
3097.00 0.80918
3098.00 0.80971
3099.00 0.81023
3100.00 0.81076
3101.00 0.81129
3102.00 0.81181
3103.00 0.81234
3104.00 0.81286
3105.00 0.81339
3106.00 0.81392
3107.00 0.81444
3108.00 0.81497
3109.00 0.81549
3110.00 0.81601
3111.00 0.81654
3112.00 0.81706
3113.00 0.81759
3114.00 0.81811
3115.00 0.81863
3116.00 0.81916
3117.00 0.81968
3118.00 0.82020
3119.00 0.82072
3120.00 0.82125
3121.00 0.82177
3122.00 0.82229
3123.00 0.82281
3124.00 0.82333
3125.00 0.82385
3126.00 0.82437
3127.00 0.82490
3128.00 0.82542
3129.00 0.82594
3130.00 0.82646
3131.00 0.82697
3132.00 0.82749
3133.00 0.82801
3134.00 0.82853
3135.00 0.82905
3136.00 0.82957
3137.00 0.83009
3138.00 0.83060
3139.00 0.83112
3140.00 0.83164
3141.00 0.83216
3142.00 0.83267
3143.00 0.83319
3144.00 0.83371
3145.00 0.83422
3146.00 0.83474
3147.00 0.83525
3148.00 0.83577
3149.00 0.83628
3150.00 0.83680
3151.00 0.83731
3152.00 0.83783
3153.00 0.83834
3154.00 0.83886
3155.00 0.83937
3156.00 0.83988
3157.00 0.84040
3158.00 0.84091
3159.00 0.84142
3160.00 0.84193
3161.00 0.84245
3162.00 0.84296
3163.00 0.84347
3164.00 0.84398
3165.00 0.84449
3166.00 0.84500
3167.00 0.84551
3168.00 0.84602
3169.00 0.84653
3170.00 0.84704
3171.00 0.84755
3172.00 0.84806
3173.00 0.84857
3174.00 0.84908
3175.00 0.84959
3176.00 0.85010
3177.00 0.85061
3178.00 0.85111
3179.00 0.85162
3180.00 0.85213
3181.00 0.85264
3182.00 0.85314
3183.00 0.85365
3184.00 0.85416
3185.00 0.85466
3186.00 0.85517
3187.00 0.85567
3188.00 0.85618
3189.00 0.85668
3190.00 0.85719
3191.00 0.85769
3192.00 0.85820
3193.00 0.85870
3194.00 0.85920
3195.00 0.85971
3196.00 0.86021
3197.00 0.86071
3198.00 0.86122
3199.00 0.86172
3200.00 0.86222
3201.00 0.86272
3202.00 0.86322
3203.00 0.86373
3204.00 0.86423
3205.00 0.86473
3206.00 0.86523
3207.00 0.86573
3208.00 0.86623
3209.00 0.86673
3210.00 0.86723
3211.00 0.86773
3212.00 0.86823
3213.00 0.86873
3214.00 0.86922
3215.00 0.86972
3216.00 0.87022
3217.00 0.87072
3218.00 0.87121
3219.00 0.87171
3220.00 0.87221
3221.00 0.87271
3222.00 0.87320
3223.00 0.87370
3224.00 0.87419
3225.00 0.87469
3226.00 0.87518
3227.00 0.87568
3228.00 0.87617
3229.00 0.87667
3230.00 0.87716
3231.00 0.87766
3232.00 0.87815
3233.00 0.87864
3234.00 0.87914
3235.00 0.87963
3236.00 0.88012
3237.00 0.88061
3238.00 0.88111
3239.00 0.88160
3240.00 0.88209
3241.00 0.88258
3242.00 0.88307
3243.00 0.88356
3244.00 0.88405
3245.00 0.88454
3246.00 0.88503
3247.00 0.88552
3248.00 0.88601
3249.00 0.88650
3250.00 0.88699
3251.00 0.88748
3252.00 0.88797
3253.00 0.88845
3254.00 0.88894
3255.00 0.88943
3256.00 0.88992
3257.00 0.89040
3258.00 0.89089
3259.00 0.89137
3260.00 0.89186
3261.00 0.89235
3262.00 0.89283
3263.00 0.89332
3264.00 0.89380
3265.00 0.89429
3266.00 0.89477
3267.00 0.89525
3268.00 0.89574
3269.00 0.89622
3270.00 0.89671
3271.00 0.89719
3272.00 0.89767
3273.00 0.89815
3274.00 0.89864
3275.00 0.89912
3276.00 0.89960
3277.00 0.90008
3278.00 0.90056
3279.00 0.90104
3280.00 0.90152
3281.00 0.90200
3282.00 0.90248
3283.00 0.90296
3284.00 0.90344
3285.00 0.90392
3286.00 0.90440
3287.00 0.90488
3288.00 0.90535
3289.00 0.90583
3290.00 0.90631
3291.00 0.90679
3292.00 0.90726
3293.00 0.90774
3294.00 0.90822
3295.00 0.90869
3296.00 0.90917
3297.00 0.90964
3298.00 0.91012
3299.00 0.91060
3300.00 0.91107
3301.00 0.91154
3302.00 0.91202
3303.00 0.91249
3304.00 0.91297
3305.00 0.91344
3306.00 0.91391
3307.00 0.91438
3308.00 0.91486
3309.00 0.91533
3310.00 0.91580
3311.00 0.91627
3312.00 0.91674
3313.00 0.91721
3314.00 0.91769
3315.00 0.91816
3316.00 0.91863
3317.00 0.91910
3318.00 0.91957
3319.00 0.92003
3320.00 0.92050
3321.00 0.92097
3322.00 0.92144
3323.00 0.92191
3324.00 0.92238
3325.00 0.92284
3326.00 0.92331
3327.00 0.92378
3328.00 0.92424
3329.00 0.92471
3330.00 0.92518
3331.00 0.92564
3332.00 0.92611
3333.00 0.92657
3334.00 0.92704
3335.00 0.92750
3336.00 0.92797
3337.00 0.92843
3338.00 0.92889
3339.00 0.92936
3340.00 0.92982
3341.00 0.93028
3342.00 0.93075
3343.00 0.93121
3344.00 0.93167
3345.00 0.93213
3346.00 0.93259
3347.00 0.93305
3348.00 0.93351
3349.00 0.93398
3350.00 0.93444
3351.00 0.93490
3352.00 0.93535
3353.00 0.93581
3354.00 0.93627
3355.00 0.93673
3356.00 0.93719
3357.00 0.93765
3358.00 0.93811
3359.00 0.93856
3360.00 0.93902
3361.00 0.93948
3362.00 0.93993
3363.00 0.94039
3364.00 0.94085
3365.00 0.94130
3366.00 0.94176
3367.00 0.94221
3368.00 0.94267
3369.00 0.94312
3370.00 0.94358
3371.00 0.94403
3372.00 0.94448
3373.00 0.94494
3374.00 0.94539
3375.00 0.94584
3376.00 0.94629
3377.00 0.94675
3378.00 0.94720
3379.00 0.94765
3380.00 0.94810
3381.00 0.94855
3382.00 0.94900
3383.00 0.94945
3384.00 0.94990
3385.00 0.95035
3386.00 0.95080
3387.00 0.95125
3388.00 0.95170
3389.00 0.95215
3390.00 0.95260
3391.00 0.95304
3392.00 0.95349
3393.00 0.95394
3394.00 0.95439
3395.00 0.95483
3396.00 0.95528
3397.00 0.95572
3398.00 0.95617
3399.00 0.95662
3400.00 0.95706
3401.00 0.95750
3402.00 0.95795
3403.00 0.95839
3404.00 0.95884
3405.00 0.95928
3406.00 0.95972
3407.00 0.96017
3408.00 0.96061
3409.00 0.96105
3410.00 0.96149
3411.00 0.96194
3412.00 0.96238
3413.00 0.96282
3414.00 0.96326
3415.00 0.96370
3416.00 0.96414
3417.00 0.96458
3418.00 0.96502
3419.00 0.96546
3420.00 0.96590
3421.00 0.96634
3422.00 0.96677
3423.00 0.96721
3424.00 0.96765
3425.00 0.96809
3426.00 0.96852
3427.00 0.96896
3428.00 0.96940
3429.00 0.96983
3430.00 0.97027
3431.00 0.97071
3432.00 0.97114
3433.00 0.97158
3434.00 0.97201
3435.00 0.97244
3436.00 0.97288
3437.00 0.97331
3438.00 0.97375
3439.00 0.97418
3440.00 0.97461
3441.00 0.97504
3442.00 0.97548
3443.00 0.97591
3444.00 0.97634
3445.00 0.97677
3446.00 0.97720
3447.00 0.97763
3448.00 0.97806
3449.00 0.97849
3450.00 0.97892
3451.00 0.97935
3452.00 0.97978
3453.00 0.98021
3454.00 0.98064
3455.00 0.98106
3456.00 0.98149
3457.00 0.98192
3458.00 0.98235
3459.00 0.98277
3460.00 0.98320
3461.00 0.98363
3462.00 0.98405
3463.00 0.98448
3464.00 0.98490
3465.00 0.98533
3466.00 0.98575
3467.00 0.98618
3468.00 0.98660
3469.00 0.98702
3470.00 0.98745
3471.00 0.98787
3472.00 0.98829
3473.00 0.98872
3474.00 0.98914
3475.00 0.98956
3476.00 0.98998
3477.00 0.99040
3478.00 0.99082
3479.00 0.99124
3480.00 0.99166
3481.00 0.99208
3482.00 0.99250
3483.00 0.99292
3484.00 0.99334
3485.00 0.99376
3486.00 0.99418
3487.00 0.99460
3488.00 0.99501
3489.00 0.99543
3490.00 0.99585
3491.00 0.99626
3492.00 0.99668
3493.00 0.99710
3494.00 0.99751
3495.00 0.99793
3496.00 0.99834
3497.00 0.99876
3498.00 0.99917
3499.00 0.99959
3500.00 1.00000
3501.00 1.00041
3502.00 1.00083
3503.00 1.00124
3504.00 1.00165
3505.00 1.00206
3506.00 1.00248
3507.00 1.00289
3508.00 1.00330
3509.00 1.00371
3510.00 1.00412
3511.00 1.00453
3512.00 1.00494
3513.00 1.00535
3514.00 1.00576
3515.00 1.00617
3516.00 1.00658
3517.00 1.00699
3518.00 1.00739
3519.00 1.00780
3520.00 1.00821
3521.00 1.00862
3522.00 1.00902
3523.00 1.00943
3524.00 1.00983
3525.00 1.01024
3526.00 1.01065
3527.00 1.01105
3528.00 1.01146
3529.00 1.01186
3530.00 1.01226
3531.00 1.01267
3532.00 1.01307
3533.00 1.01347
3534.00 1.01388
3535.00 1.01428
3536.00 1.01468
3537.00 1.01508
3538.00 1.01549
3539.00 1.01589
3540.00 1.01629
3541.00 1.01669
3542.00 1.01709
3543.00 1.01749
3544.00 1.01789
3545.00 1.01829
3546.00 1.01869
3547.00 1.01908
3548.00 1.01948
3549.00 1.01988
3550.00 1.02028
3551.00 1.02068
3552.00 1.02107
3553.00 1.02147
3554.00 1.02187
3555.00 1.02226
3556.00 1.02266
3557.00 1.02305
3558.00 1.02345
3559.00 1.02384
3560.00 1.02424
3561.00 1.02463
3562.00 1.02503
3563.00 1.02542
3564.00 1.02581
3565.00 1.02620
3566.00 1.02660
3567.00 1.02699
3568.00 1.02738
3569.00 1.02777
3570.00 1.02816
3571.00 1.02855
3572.00 1.02894
3573.00 1.02933
3574.00 1.02972
3575.00 1.03011
3576.00 1.03050
3577.00 1.03089
3578.00 1.03128
3579.00 1.03167
3580.00 1.03206
3581.00 1.03244
3582.00 1.03283
3583.00 1.03322
3584.00 1.03360
3585.00 1.03399
3586.00 1.03438
3587.00 1.03476
3588.00 1.03515
3589.00 1.03553
3590.00 1.03592
3591.00 1.03630
3592.00 1.03668
3593.00 1.03707
3594.00 1.03745
3595.00 1.03783
3596.00 1.03822
3597.00 1.03860
3598.00 1.03898
3599.00 1.03936
3600.00 1.03974
3601.00 1.04012
3602.00 1.04051
3603.00 1.04089
3604.00 1.04127
3605.00 1.04164
3606.00 1.04202
3607.00 1.04240
3608.00 1.04278
3609.00 1.04316
3610.00 1.04354
3611.00 1.04392
3612.00 1.04429
3613.00 1.04467
3614.00 1.04505
3615.00 1.04542
3616.00 1.04580
3617.00 1.04617
3618.00 1.04655
3619.00 1.04692
3620.00 1.04730
3621.00 1.04767
3622.00 1.04805
3623.00 1.04842
3624.00 1.04879
3625.00 1.04917
3626.00 1.04954
3627.00 1.04991
3628.00 1.05028
3629.00 1.05066
3630.00 1.05103
3631.00 1.05140
3632.00 1.05177
3633.00 1.05214
3634.00 1.05251
3635.00 1.05288
3636.00 1.05325
3637.00 1.05362
3638.00 1.05399
3639.00 1.05435
3640.00 1.05472
3641.00 1.05509
3642.00 1.05546
3643.00 1.05582
3644.00 1.05619
3645.00 1.05656
3646.00 1.05692
