3686.  0.08440946
3687.  0.06493482
3688.  0.0433862
3689.  0.02734345
3690.  0.0213164
3691.  0.02684619
3692.  0.0402979
3693.  0.05042812
3694.  0.05680182
3695.  0.0722366
3696.  0.1082836
3697.  0.1563414
3698.  0.2010308
3699.  0.2369743
3700.  0.2673306
3701.  0.291427
3702.  0.3013131
3703.  0.2932407
3704.  0.2728558
3705.  0.2526377
3706.  0.2424621
3707.  0.2514867
3708.  0.2834424
3709.  0.3342114
3710.  0.3968612
3711.  0.4609665
3712.  0.5155787
3713.  0.5514275
3714.  0.5615508
3715.  0.547111
3716.  0.5224546
3717.  0.506162
3718.  0.5041857
3719.  0.5168036
3720.  0.5394471
3721.  0.5636193
3722.  0.581328
3723.  0.6017156
3724.  0.6339822
3725.  0.6751679
3726.  0.7102645
3727.  0.7304235
3728.  0.7302147
3729.  0.7107871
3730.  0.6829768
3731.  0.6628301
3732.  0.655664
3733.  0.6591392
3734.  0.6691332
3735.  0.6743734
3736.  0.6671508
3737.  0.6492683
3738.  0.6304716
3739.  0.6184329
3740.  0.6210657
3741.  0.6415671
3742.  0.6761598
3743.  0.7187552
3744.  0.7600361
3745.  0.7903328
3746.  0.8029724
3747.  0.7963719
3748.  0.7722333
3749.  0.735567
3750.  0.6939149
3751.  0.6554167
3752.  0.6294634
3753.  0.6194766
3754.  0.6216866
3755.  0.6322324
3756.  0.6513849
3757.  0.6792765
3758.  0.7126693
3759.  0.7457454
3760.  0.7739732
3761.  0.794022
3762.  0.8040335
3763.  0.8046956
3764.  0.7969689
3765.  0.7854117
3766.  0.7763886
3767.  0.7704275
3768.  0.7550199
3769.  0.7199891
3770.  0.6659639
3771.  0.5999931
3772.  0.5322422
3773.  0.4759308
3774.  0.4406847
3775.  0.4215226
3776.  0.4133026
3777.  0.4195605
3778.  0.4475263
3779.  0.4903266
3780.  0.5246323
3781.  0.5366325
3782.  0.5346257
3783.  0.5342776
3784.  0.5324695
3785.  0.5192724
3786.  0.4929577
3787.  0.4627162
3788.  0.4357985
3789.  0.4173606
3790.  0.4097312
3791.  0.4058579
3792.  0.3909935
3793.  0.3600605
3794.  0.3254297
3795.  0.297271
3796.  0.2785921
3797.  0.2684021
3798.  0.2659401
3799.  0.2687889
3800.  0.2741122
3801.  0.2790576
3802.  0.2811669
3803.  0.2798402
3804.  0.2755209
3805.  0.2696197
3806.  0.2646986
3807.  0.2639933
3808.  0.2701708
3809.  0.2860335
3810.  0.3159653
3811.  0.367515
3812.  0.4314421
3813.  0.4834392
3814.  0.5061762
3815.  0.4985069
3816.  0.4678971
3817.  0.4253644
3818.  0.3875138
3819.  0.3659568
3820.  0.3682653
3821.  0.3969267
3822.  0.4412409
3823.  0.48856
3824.  0.5280301
3825.  0.5522041
3826.  0.5593459
3827.  0.5552412
3828.  0.5475315
3829.  0.5393724
3830.  0.5333958
3831.  0.5288351
3832.  0.5225371
3833.  0.5122769
3834.  0.4968643
3835.  0.4772136
3836.  0.4563628
3837.  0.4385483
3838.  0.4312851
3839.  0.4434956
3840.  0.4795276
3841.  0.5291186
3842.  0.5815374
3843.  0.6287353
3844.  0.6654663
3845.  0.6913075
3846.  0.7107001
3847.  0.7282352
3848.  0.7436527
3849.  0.7566434
3850.  0.7662367
3851.  0.7714134
3852.  0.7727832
3853.  0.7708538
3854.  0.770159
3855.  0.781062
3856.  0.8167624
3857.  0.8702627
3858.  0.9238233
3859.  0.9651893
3860.  0.991497
3861.  0.9987254
3862.  0.9774106
3863.  0.9165321
3864.  0.8284017
3865.  0.7371443
3866.  0.6617972
3867.  0.6013718
3868.  0.5542908
3869.  0.519893
3870.  0.4969248
3871.  0.483321
3872.  0.4777855
3873.  0.4775312
3874.  0.4764132
3875.  0.4702731
3876.  0.465874
3877.  0.4752875
3878.  0.499192
3879.  0.5291662
3880.  0.5547071
3881.  0.5680364
3882.  0.5610667
3883.  0.5405302
3884.  0.5189553
3885.  0.4988998
3886.  0.4686666
3887.  0.4204375
3888.  0.3563723
3889.  0.2822551
3890.  0.2084194
3891.  0.1463608
3892.  0.1049574
3893.  0.08737498
3894.  0.09311489
3895.  0.1185845
3896.  0.1572281
3897.  0.2002373
3898.  0.2380733
3899.  0.2634011
3900.  0.2748833
3901.  0.27316
3902.  0.260616
3903.  0.2414088
3904.  0.2202685
3905.  0.2024419
3906.  0.1918459
3907.  0.1888713
3908.  0.1931697
3909.  0.2052879
3910.  0.2255025
3911.  0.2489393
3912.  0.2656878
3913.  0.2690364
3914.  0.2626628
3915.  0.2509272
3916.  0.2352737
3917.  0.2145714
3918.  0.1893588
3919.  0.1601153
3920.  0.1294682
3921.  0.1035167
3922.  0.08850867
3923.  0.09110519
3924.  0.1159185
3925.  0.1617915
3926.  0.220769
3927.  0.2816444
3928.  0.3331113
3929.  0.362358
3930.  0.3723902
3931.  0.3765887
3932.  0.3828751
3933.  0.3912452
3934.  0.3998775
3935.  0.4091612
3936.  0.4197682
3937.  0.4281093
3938.  0.4283918
3939.  0.4170268
3940.  0.392432
3941.  0.3579082
3942.  0.3230564
3943.  0.3038622
3944.  0.3016259
3945.  0.3068388
3946.  0.311165
3947.  0.312208
3948.  0.3097913
3949.  0.3039946
3950.  0.2968597
3951.  0.2893704
3952.  0.2817199
3953.  0.2747996
3954.  0.2729453
3955.  0.2801651
3956.  0.2983242
3957.  0.3287232
3958.  0.3656836
3959.  0.3982952
3960.  0.416598
3961.  0.4285025
3962.  0.4438266
3963.  0.4641231
3964.  0.4838751
3965.  0.4973314
3966.  0.4996028
3967.  0.4862952
3968.  0.4617165
3969.  0.4318644
3970.  0.3990161
3971.  0.3607953
3972.  0.3180445
3973.  0.2753434
3974.  0.2379285
3975.  0.2076752
3976.  0.1846394
3977.  0.1687745
3978.  0.1610433
3979.  0.157471
3980.  0.148397
3981.  0.1217999
3982.  0.08850235
3983.  0.06620356
3984.  0.06217336
3985.  0.07263788
3986.  0.08906051
3987.  0.1009089
3988.  0.09444467
3989.  0.0760261
3990.  0.06075986
3991.  0.05543081
3992.  0.0565908
3993.  0.05919603
3994.  0.06091554
3995.  0.05802627
3996.  0.05650258
3997.  0.06654842
3998.  0.09134366
3999.  0.1249444
4000.  0.1577225
4001.  0.1809767
4002.  0.1843455
4003.  0.1699496
4004.  0.1498461
4005.  0.1315777
4006.  0.1147125
4007.  0.09870959
4008.  0.09078603
4009.  0.1010535
4010.  0.1285046
4011.  0.1592718
4012.  0.1841434
4013.  0.1974013
4014.  0.1980719
4015.  0.1907582
4016.  0.1841311
4017.  0.1820197
4018.  0.1791401
4019.  0.1743947
4020.  0.171724
4021.  0.1770968
4022.  0.190827
4023.  0.2113525
4024.  0.2338537
4025.  0.2486244
4026.  0.2499872
4027.  0.2373215
4028.  0.2146388
4029.  0.1890685
4030.  0.168891
4031.  0.1596553
4032.  0.1584946
4033.  0.1618786
4034.  0.1669353
4035.  0.1709323
4036.  0.1714547
4037.  0.1668691
4038.  0.1569127
4039.  0.1438387
4040.  0.1308469
4041.  0.121474
4042.  0.1203281
4043.  0.1257569
4044.  0.1321501
4045.  0.1355009
4046.  0.1354186
4047.  0.1339687
4048.  0.1341118
4049.  0.1389344
4050.  0.1526265
4051.  0.1783991
4052.  0.214006
4053.  0.240236
4054.  0.2381933
4055.  0.2177371
4056.  0.2036295
4057.  0.2087436
4058.  0.216246
4059.  0.2190909
4060.  0.2215718
4061.  0.2348748
4062.  0.2611474
4063.  0.2989984
4064.  0.3445805
4065.  0.3904051
4066.  0.4290884
4067.  0.4540578
4068.  0.4597827
4069.  0.4480854
4070.  0.4248331
4071.  0.3961087
4072.  0.3658915
4073.  0.3373876
4074.  0.3136566
4075.  0.2976177
4076.  0.2875706
4077.  0.2787204
4078.  0.2683952
4079.  0.256102
4080.  0.2444866
4081.  0.2394814
4082.  0.2490559
4083.  0.2742417
4084.  0.3050017
4085.  0.3343443
4086.  0.3572503
4087.  0.371556
4088.  0.3817201
4089.  0.3943012
4090.  0.4135685
4091.  0.436665
4092.  0.4608803
4093.  0.4846467
4094.  0.50686
4095.  0.5244844
4096.  0.5347517
4097.  0.5376666
4098.  0.5405154
4099.  0.547035
4100.  0.5520414
4101.  0.5472481
4102.  0.528319
4103.  0.4966858
4104.  0.4551499
4105.  0.4094895
4106.  0.3666594
4107.  0.3315648
4108.  0.3076887
4109.  0.2970043
4110.  0.2997721
4111.  0.3116521
4112.  0.3240545
4113.  0.3266507
4114.  0.3192664
4115.  0.3061644
4116.  0.292219
4117.  0.2851825
4118.  0.2892998
4119.  0.303505
4120.  0.324618
4121.  0.347459
4122.  0.3666839
4123.  0.3795334
4124.  0.3856577
4125.  0.3865922
4126.  0.3847447
4127.  0.3816577
4128.  0.3756103
4129.  0.360465
4130.  0.3343425
4131.  0.2984092
4132.  0.2558199
4133.  0.2156317
4134.  0.1859289
4135.  0.1693918
4136.  0.1634824
4137.  0.1630306
4138.  0.1624749
4139.  0.1571899
4140.  0.1482484
4141.  0.1406239
4142.  0.1361119
4143.  0.1353765
4144.  0.1377572
4145.  0.1407336
4146.  0.1420328
4147.  0.1403187
4148.  0.1354897
4149.  0.1271562
4150.  0.1152257
4151.  0.1007569
4152.  0.08982239
4153.  0.08725775
4154.  0.0918699
4155.  0.09816293
4156.  0.1037978
4157.  0.1128887
4158.  0.1273149
4159.  0.1482556
4160.  0.1754688
4161.  0.2024671
4162.  0.2218464
4163.  0.2303196
4164.  0.2365527
4165.  0.2478375
4166.  0.2665815
4167.  0.2928036
4168.  0.3271657
4169.  0.3703748
4170.  0.4203615
4171.  0.4741734
4172.  0.5274782
4173.  0.5736639
4174.  0.6069619
4175.  0.6272565
4176.  0.6446392
4177.  0.6577137
4178.  0.6557278
4179.  0.6250761
4180.  0.5698155
4181.  0.5022535
4182.  0.4317517
4183.  0.3661795
4184.  0.3111359
4185.  0.2697769
4186.  0.2427435
4187.  0.2279276
4188.  0.2209695
4189.  0.2187265
4190.  0.2185149
4191.  0.2171886
4192.  0.2070119
4193.  0.1845748
4194.  0.1552653
4195.  0.1340347
4196.  0.1262706
4197.  0.1229088
4198.  0.118303
4199.  0.1119175
4200.  0.1077726
4201.  0.1074804
4202.  0.1123409
4203.  0.1223934
4204.  0.1316003
4205.  0.1357292
4206.  0.1346604
4207.  0.1313648
4208.  0.1259375
4209.  0.1160175
4210.  0.1024772
4211.  0.09002919
4212.  0.0836797
4213.  0.08009613
4214.  0.07549991
4215.  0.06871938
4216.  0.06333755
4217.  0.06267662
4218.  0.06887513
4219.  0.08442262
4220.  0.1061809
4221.  0.1282705
4222.  0.1494758
4223.  0.1741228
4224.  0.2074927
4225.  0.2465634
4226.  0.2889231
4227.  0.3339464
4228.  0.3820084
4229.  0.4318505
4230.  0.4804773
4231.  0.5241398
4232.  0.5592856
4233.  0.5823334
4234.  0.5890415
4235.  0.5746724
4236.  0.5402033
4237.  0.5027643
4238.  0.4768846
4239.  0.4707161
4240.  0.4870694
4241.  0.5187435
4242.  0.5526004
4243.  0.5780848
4244.  0.586405
4245.  0.5725077
4246.  0.5378135
4247.  0.4872845
4248.  0.4290572
4249.  0.3757639
4250.  0.3347662
4251.  0.3075061
4252.  0.2931121
4253.  0.2896569
4254.  0.2944212
4255.  0.3032939
4256.  0.3101921
4257.  0.3095697
4258.  0.3020294
4259.  0.2902395
4260.  0.2780494
4261.  0.2720856
4262.  0.2728918
4263.  0.2749322
4264.  0.2731399
4265.  0.2673954
4266.  0.2626406
4267.  0.2632566
4268.  0.2739563
4269.  0.2981045
4270.  0.332279
4271.  0.3709414
4272.  0.4087796
4273.  0.4409502
4274.  0.4650117
4275.  0.4813205
4276.  0.4912461
4277.  0.4954076
4278.  0.4929926
4279.  0.4833036
4280.  0.4676256
4281.  0.4503258
4282.  0.4388364
4283.  0.4406418
4284.  0.4603577
4285.  0.4979184
4286.  0.5442295
4287.  0.5800988
4288.  0.5979877
4289.  0.5989753
4290.  0.5885482
4291.  0.5764986
4292.  0.5713861
4293.  0.57506
4294.  0.5860935
4295.  0.60064
4296.  0.6134492
4297.  0.621904
4298.  0.6261943
4299.  0.6282905
4300.  0.6311735
4301.  0.6369576
4302.  0.6441426
4303.  0.6494291
4304.  0.6483553
4305.  0.6350071
4306.  0.6080587
4307.  0.5723245
4308.  0.5381432
4309.  0.515073
4310.  0.5083441
4311.  0.5193636
4312.  0.5383316
4313.  0.5462663
4314.  0.5432446
4315.  0.5370938
4316.  0.5358085
4317.  0.5449006
4318.  0.5641951
4319.  0.5863643
4320.  0.5982687
4321.  0.5898708
4322.  0.5628477
4323.  0.5252551
4324.  0.4881369
4325.  0.4613718
4326.  0.449084
4327.  0.4492657
4328.  0.4558409
4329.  0.4567954
4330.  0.4434463
4331.  0.4340018
4332.  0.4369302
4333.  0.4438681
4334.  0.4401031
4335.  0.4202661
4336.  0.3933993
4337.  0.3648674
4338.  0.3504363
4339.  0.3762205
4340.  0.3857957
4341.  0.3456803
4342.  0.3219891
4343.  0.3198207
4344.  0.3188851
4345.  0.3160037
4346.  0.3100149
4347.  0.300968
4348.  0.2871241
4349.  0.2716961
4350.  0.2606454
4351.  0.2562504
4352.  0.2571878
4353.  0.2596824
4354.  0.2613953
4355.  0.2627411
4356.  0.2665931
4357.  0.2721075
4358.  0.2781675
4359.  0.2852545
4360.  0.292028
4361.  0.2979751
4362.  0.3054725
4363.  0.3172817
4364.  0.3329828
4365.  0.3438767
4366.  0.3479703
4367.  0.3498329
4368.  0.3569945
4369.  0.3696514
4370.  0.3808253
4371.  0.3852867
4372.  0.3853847
4373.  0.390628
4374.  0.3938196
4375.  0.3898207
4376.  0.3864153
4377.  0.3889257
4378.  0.3998897
4379.  0.4182138
4380.  0.4454452
4381.  0.4833354
4382.  0.5294769
4383.  0.5767717
4384.  0.6150379
4385.  0.6347066
4386.  0.6301204
4387.  0.6017693
4388.  0.5611743
4389.  0.5194203
4390.  0.4805896
4391.  0.4479812
4392.  0.4239698
4393.  0.4103373
4394.  0.406875
4395.  0.411524
4396.  0.4209241
4397.  0.4297691
4398.  0.4326664
4399.  0.4285064
4400.  0.4182959
4401.  0.4044235
4402.  0.3908851
4403.  0.3814579
4404.  0.3784663
4405.  0.3832222
4406.  0.3954175
4407.  0.4124725
4408.  0.4350413
4409.  0.4657737
4410.  0.5068135
4411.  0.5555837
4412.  0.6056103
4413.  0.6529593
4414.  0.6941819
4415.  0.725486
4416.  0.7387033
4417.  0.7272628
4418.  0.6909394
4419.  0.6333002
4420.  0.5618541
4421.  0.4884683
4422.  0.4223644
4423.  0.3688619
4424.  0.3306078
4425.  0.3065045
4426.  0.2923311
4427.  0.2842531
4428.  0.2787422
4429.  0.272817
4430.  0.2660175
4431.  0.2591576
4432.  0.2527209
4433.  0.2469928
4434.  0.2420996
4435.  0.2384954
4436.  0.2361406
4437.  0.2347801
4438.  0.2342113
4439.  0.2396194
4440.  0.2639254
4441.  0.3053777
4442.  0.352874
4443.  0.3924752
4444.  0.4182754
4445.  0.4322625
4446.  0.4379877
4447.  0.4407238
4448.  0.4459668
4449.  0.4563202
4450.  0.4709224
4451.  0.4852813
4452.  0.4938394
4453.  0.492301
4454.  0.4801712
4455.  0.4615694
4456.  0.4436724
4457.  0.4338642
4458.  0.4329454
4459.  0.4336603
4460.  0.4350876
4461.  0.4390309
4462.  0.4474118
4463.  0.4599598
4464.  0.474181
4465.  0.4857992
4466.  0.4912488
4467.  0.4894253
4468.  0.4865366
4469.  0.4879282
4470.  0.4933657
4471.  0.5012966
4472.  0.5088244
4473.  0.5118974
4474.  0.5076903
4475.  0.4951391
4476.  0.4747691
4477.  0.4487005
4478.  0.4205607
4479.  0.396899
4480.  0.3840057
4481.  0.3854417
4482.  0.3982581
4483.  0.4170286
4484.  0.442493
4485.  0.4758645
4486.  0.5174459
4487.  0.5690086
4488.  0.6267895
4489.  0.6773715
4490.  0.7101628
4491.  0.7194579
4492.  0.7067972
4493.  0.6777347
4494.  0.6398454
4495.  0.5997544
4496.  0.5621998
4497.  0.5294002
4498.  0.5052205
4499.  0.4931985
4500.  0.4941426
4501.  0.5068706
4502.  0.528762
4503.  0.5565545
4504.  0.5883667
4505.  0.624394
4506.  0.6685426
4507.  0.7203035
4508.  0.7643304
4509.  0.7932273
4510.  0.8091109
4511.  0.8198321
4512.  0.833377
4513.  0.8541414
4514.  0.8823441
4515.  0.9139476
4516.  0.9401559
4517.  0.958032
4518.  0.9691272
4519.  0.9711593
4520.  0.9614391
4521.  0.9380444
4522.  0.9021137
4523.  0.8565363
4524.  0.8044617
4525.  0.7496546
4526.  0.6962864
4527.  0.6496838
4528.  0.6126713
4529.  0.5841336
4530.  0.5626671
4531.  0.5475254
4532.  0.5402377
4533.  0.5405818
4534.  0.546581
4535.  0.5564893
4536.  0.568458
4537.  0.5806279
4538.  0.5950128
4539.  0.6143421
4540.  0.6381484
4541.  0.6625878
4542.  0.6821848
4543.  0.6973308
4544.  0.7111179
4545.  0.7273994
4546.  0.7513074
4547.  0.7854604
4548.  0.823707
4549.  0.8577183
4550.  0.8797517
4551.  0.8826692
4552.  0.8677601
4553.  0.8515053
4554.  0.8417833
4555.  0.8380477
4556.  0.8361344
4557.  0.8293231
4558.  0.8105063
4559.  0.7798392
4560.  0.7415405
4561.  0.7009334
4562.  0.6611696
4563.  0.6236625
4564.  0.5932074
4565.  0.5738242
4566.  0.5667903
4567.  0.569791
4568.  0.5785952
4569.  0.5894588
4570.  0.6008308
4571.  0.6138611
4572.  0.6338955
4573.  0.6635461
4574.  0.6963946
4575.  0.7286651
4576.  0.7596197
4577.  0.7901512
4578.  0.8227984
4579.  0.8609266
4580.  0.9028729
4581.  0.9432381
4582.  0.9747304
4583.  0.9882335
4584.  0.9755326
4585.  0.9392909
4586.  0.8876554
4587.  0.8303642
4588.  0.7774665
4589.  0.7357044
4590.  0.7007987
4591.  0.6671146
4592.  0.6317714
4593.  0.5978559
4594.  0.5694878
4595.  0.5444106
4596.  0.520447
4597.  0.4966113
4598.  0.4719542
4599.  0.4481135
4600.  0.4316746
4601.  0.4238842
4602.  0.4210668
4603.  0.417253
4604.  0.407445
4605.  0.3898811
4606.  0.3688062
4607.  0.3516235
4608.  0.3451986
4609.  0.3519298
4610.  0.3688476
4611.  0.3920518
4612.  0.4182358
4613.  0.4461509
4614.  0.4793184
4615.  0.5229049
4616.  0.569621
4617.  0.610428
4618.  0.6408548
4619.  0.6592248
4620.  0.6676295
4621.  0.6745895
4622.  0.6870467
4623.  0.7068079
4624.  0.7330235
4625.  0.7637634
4626.  0.7997775
4627.  0.837833
4628.  0.8701491
4629.  0.8896983
4630.  0.8915194
4631.  0.8745117
4632.  0.8414318
4633.  0.797695
4634.  0.7476507
4635.  0.6940213
4636.  0.6363816
4637.  0.5809736
4638.  0.5366911
4639.  0.5030308
4640.  0.4749918
4641.  0.4446554
4642.  0.4133128
4643.  0.3872754
4644.  0.3693264
4645.  0.3604943
4646.  0.3600001
4647.  0.3607793
4648.  0.3568653
4649.  0.3547704
4650.  0.361491
4651.  0.3811566
4652.  0.4147857
4653.  0.4580638
4654.  0.4978925
4655.  0.5251067
4656.  0.5370765
4657.  0.5363461
4658.  0.5285777
4659.  0.5204595
4660.  0.516769
4661.  0.5195817
4662.  0.5287187
4663.  0.5420308
4664.  0.5558451
4665.  0.5653293
4666.  0.5656968
4667.  0.554247
4668.  0.5310015
4669.  0.4994476
4670.  0.4617361
4671.  0.4196383
4672.  0.3778961
4673.  0.3416369
4674.  0.3155602
4675.  0.2943495
4676.  0.2689771
4677.  0.2398902
4678.  0.2100531
4679.  0.1828825
4680.  0.1637837
4681.  0.1565178
4682.  0.1566583
4683.  0.1583527
4684.  0.1568418
4685.  0.1498628
4686.  0.1379006
4687.  0.1252051
4688.  0.1145476
4689.  0.1055956
4690.  0.09702119
4691.  0.0885082
4692.  0.08475104
4693.  0.08985437
4694.  0.1054483
4695.  0.1293823
4696.  0.1562822
4697.  0.1772119
4698.  0.1866117
4699.  0.184477
4700.  0.1738739
4701.  0.1600919
4702.  0.1505821
4703.  0.1469665
4704.  0.1436475
4705.  0.1394893
4706.  0.1354548
4707.  0.1326197
4708.  0.132484
4709.  0.1364482
4710.  0.1397506
4711.  0.1365829
4712.  0.126213
4713.  0.1120011
4714.  0.1008646
4715.  0.09846054
4716.  0.1073357
4717.  0.1236919
4718.  0.141092
4719.  0.1523474
4720.  0.1569276
4721.  0.1583808
4722.  0.1612102
4723.  0.1695268
4724.  0.1856783
4725.  0.211099
4726.  0.2444695
4727.  0.2776198
4728.  0.3031164
4729.  0.3171498
4730.  0.3206519
4731.  0.3170744
4732.  0.3082945
4733.  0.2949127
4734.  0.2758481
4735.  0.251268
4736.  0.2223117
4737.  0.1906074
4738.  0.1579528
4739.  0.1259867
4740.  0.09690583
4741.  0.07301518
4742.  0.05715114
4743.  0.04896388
4744.  0.04218836
4745.  0.03476911
4746.  0.02816256
4747.  0.0242748
4748.  0.02389509
4749.  0.02517296
4750.  0.02401884
4751.  0.01612147
4752.  0.005312947
4753.  -0.001148397
4754.  0.005309864
4755.  0.02542013
4756.  0.05166489
4757.  0.07408985
4758.  0.08486158
4759.  0.08328288
4760.  0.07875008
4761.  0.08910006
4762.  0.1092948
4763.  0.1254174
4764.  0.1318009
4765.  0.12619
4766.  0.1101996
4767.  0.0898179
4768.  0.07220537
4769.  0.05949079
4770.  0.05261175
4771.  0.05249561
4772.  0.05855072
4773.  0.06916116
4774.  0.0828712
4775.  0.09759883
4776.  0.1100618
4777.  0.1186519
4778.  0.1233953
4779.  0.1251869
4780.  0.1245216
4781.  0.1195607
4782.  0.1104389
4783.  0.09961262
4784.  0.08875123
4785.  0.0791802
4786.  0.0721171
4787.  0.06821882
4788.  0.06740396
4789.  0.069964
4790.  0.07584965
4791.  0.08257403
4792.  0.08820896
4793.  0.09277645
4794.  0.09780743
4795.  0.1055675
4796.  0.1175735
4797.  0.1330551
4798.  0.1468689
4799.  0.1554011
4800.  0.1575562
4801.  0.1549102
4802.  0.1504873
4803.  0.1478069
4804.  0.1480269
4805.  0.1485462
4806.  0.1521852
4807.  0.1614762
4808.  0.1604014
4809.  0.1438936
4810.  0.1347068
4811.  0.1362711
4812.  0.1375915
4813.  0.1363142
4814.  0.1330495
4815.  0.1306895
4816.  0.1310133
4817.  0.1338616
4818.  0.1367894
4819.  0.1372921
4820.  0.1367012
4821.  0.1366654
4822.  0.138245
4823.  0.1403345
4824.  0.1408173
4825.  0.1406943
4826.  0.1407996
4827.  0.1394697
4828.  0.1373332
4829.  0.1369772
4830.  0.1365152
4831.  0.1336062
4832.  0.1302557
4833.  0.1281098
4834.  0.1273632
4835.  0.1276491
4836.  0.1281041
4837.  0.1268593
4838.  0.1235611
4839.  0.1217101
4840.  0.1219382
4841.  0.1221127
4842.  0.1221747
4843.  0.1223672
4844.  0.1213322
4845.  0.1191103
4846.  0.1178314
4847.  0.1184557
4848.  0.1208048
4849.  0.1215622
4850.  0.1193311
4851.  0.1194031
4852.  0.1215831
4853.  0.1204528
4854.  0.1187389
4855.  0.1204467
4856.  0.1223275
4857.  0.1223102
4858.  0.1217129
4859.  0.1221722
4860.  0.1251931
4861.  0.1271084
4862.  0.1271236
4863.  0.1376572
4864.  0.1549894
4865.  0.1574137
4866.  0.1528134
4867.  0.1580384
4868.  0.1662421
4869.  0.1716165
4870.  0.1787107
4871.  0.1857023
4872.  0.1867784
4873.  0.1881449
4874.  0.1956259
4875.  0.199378
4876.  0.1969332
4877.  0.1985325
4878.  0.2068987
4879.  0.2193897
4880.  0.2238751
4881.  0.2159091
4882.  0.2186251
4883.  0.2330268
4884.  0.2343475
4885.  0.2355388
4886.  0.2572802
4887.  0.2743734
4888.  0.2706733
4889.  0.2644205
4890.  0.2643821
4891.  0.270142
4892.  0.2751376
4893.  0.2738815
4894.  0.2777667
4895.  0.2889096
4896.  0.2903267
4897.  0.2844028
4898.  0.2850416
4899.  0.288649
4900.  0.2897116
4901.  0.2933227
4902.  0.2984292
4903.  0.294053
4904.  0.2938774
4905.  0.3190996
4906.  0.3474488
4907.  0.3583338
4908.  0.3643244
4909.  0.3735555
4910.  0.3862332
4911.  0.4036009
4912.  0.426048
4913.  0.450672
4914.  0.475488
4915.  0.5020683
4916.  0.5334364
4917.  0.5733922
4918.  0.6246793
4919.  0.6877804
4920.  0.7588375
4921.  0.8303573
4922.  0.8913566
4923.  0.9308553
4924.  0.9400182
4925.  0.9206408
4926.  0.8805052
4927.  0.8280745
4928.  0.7731889
4929.  0.7269206
4930.  0.6893231
4931.  0.6517938
4932.  0.5929866
4933.  0.5016879
4934.  0.4311042
4935.  0.4094966
4936.  0.3966449
4937.  0.3793317
4938.  0.3677591
4939.  0.3573952
4940.  0.341943
4941.  0.3238424
4942.  0.3068133
4943.  0.2941638
4944.  0.286697
4945.  0.282771
4946.  0.2799737
4947.  0.2762781
4948.  0.2727765
4949.  0.2704399
4950.  0.2689196
4951.  0.2673247
4952.  0.2643339
4953.  0.2619881
4954.  0.2622852
4955.  0.2596632
4956.  0.2525441
4957.  0.2505491
4958.  0.2530687
4959.  0.2503081
4960.  0.243102
4961.  0.236409
4962.  0.2345952
4963.  0.2378872
4964.  0.2368989
4965.  0.2304572
4966.  0.2264374
4967.  0.2243422
4968.  0.2209295
4969.  0.2198382
4970.  0.2233317
4971.  0.2270264
4972.  0.229208
4973.  0.2319426
4974.  0.2347869
4975.  0.2365941
4976.  0.2403416
4977.  0.2481524
4978.  0.2571382
4979.  0.2646806
4980.  0.2690991
4981.  0.2731876
4982.  0.2818233
4983.  0.2913431
4984.  0.2972984
4985.  0.3013841
4986.  0.3063973
4987.  0.3159738
4988.  0.3281603
4989.  0.3369774
4990.  0.3424243
4991.  0.3467791
4992.  0.3517037
4993.  0.3585369
4994.  0.3669027
4995.  0.3800563
4996.  0.4044484
4997.  0.4314149
4998.  0.4477746
4999.  0.4534113
5000.  0.4546332
5001.  0.4677713
5002.  0.4932508
5003.  0.5083746
5004.  0.5200152
5005.  0.5499448
5006.  0.5903732
5007.  0.6268194
5008.  0.6525587
5009.  0.6661477
5010.  0.6736028
5011.  0.6841814
5012.  0.7080202
5013.  0.7402167
5014.  0.7705153
5015.  0.7989243
5016.  0.8242977
5017.  0.8389913
5018.  0.8377984
5019.  0.8191788
5020.  0.7839838
5021.  0.7354056
5022.  0.6781638
5023.  0.6186621
5024.  0.5667589
5025.  0.5285181
5026.  0.5029278
5027.  0.4871538
5028.  0.47701
5029.  0.4691738
5030.  0.4608099
5031.  0.4478069
5032.  0.4281577
5033.  0.4047733
5034.  0.3807562
5035.  0.3586068
5036.  0.3385774
5037.  0.3194977
5038.  0.3033703
5039.  0.2922951
5040.  0.28549
5041.  0.2811785
5042.  0.2768454
5043.  0.2704409
5044.  0.260797
5045.  0.2487491
5046.  0.2363456
5047.  0.2259157
5048.  0.2191914
5049.  0.2161492
5050.  0.2154557
5051.  0.2140621
5052.  0.2115874
5053.  0.2099395
5054.  0.2050728
5055.  0.1921502
5056.  0.1737133
5057.  0.1548581
5058.  0.1427046
5059.  0.1402915
5060.  0.1445475
5061.  0.1497763
5062.  0.1493275
5063.  0.1429898
5064.  0.1341447
5065.  0.1288186
5066.  0.1320685
5067.  0.1453604
5068.  0.1650601
5069.  0.1819908
5070.  0.1904714
5071.  0.1883521
5072.  0.1774775
5073.  0.1623324
5074.  0.1507925
5075.  0.1472622
5076.  0.1468239
5077.  0.1454659
5078.  0.1415676
5079.  0.135462
5080.  0.1291093
5081.  0.1262956
5082.  0.1298119
5083.  0.1357304
5084.  0.1402729
5085.  0.1434299
5086.  0.1443162
5087.  0.1412845
5088.  0.1329266
5089.  0.1187022
5090.  0.1068703
5091.  0.1061934
5092.  0.1140959
5093.  0.1261538
5094.  0.1393149
5095.  0.151493
5096.  0.1621991
5097.  0.17283
5098.  0.1856859
5099.  0.1975659
5100.  0.2040763
5101.  0.2048752
5102.  0.201321
5103.  0.1964623
5104.  0.1936407
5105.  0.1959177
5106.  0.2032189
5107.  0.2128411
5108.  0.2217766
5109.  0.2272379
5110.  0.2281096
5111.  0.2245132
5112.  0.2184923
5113.  0.2112652
5114.  0.2019685
5115.  0.191404
5116.  0.1818834
5117.  0.1776689
5118.  0.1832096
5119.  0.201077
5120.  0.230249
5121.  0.2608005
5122.  0.2837595
5123.  0.295279
5124.  0.2966037
5125.  0.2943243
5126.  0.2947625
5127.  0.3028871
5128.  0.3165022
5129.  0.3305984
5130.  0.341941
5131.  0.3481447
5132.  0.3484322
5133.  0.3435637
5134.  0.335837
5135.  0.3279827
5136.  0.322655
5137.  0.3190545
5138.  0.3148203
5139.  0.308199
5140.  0.2989009
5141.  0.2919568
5142.  0.2898633
5143.  0.2881087
5144.  0.2846603
5145.  0.2806293
5146.  0.278053
5147.  0.2794836
5148.  0.2808487
5149.  0.2773134
5150.  0.2742356
5151.  0.2769318
5152.  0.2842636
5153.  0.2943757
5154.  0.3048943
5155.  0.3161532
5156.  0.3320066
5157.  0.3486921
5158.  0.3594023
5159.  0.3831033
5160.  0.4367705
5161.  0.4848185
5162.  0.5028521
5163.  0.5213292
5164.  0.5590082
5165.  0.6106983
5166.  0.6645262
5167.  0.7022893
5168.  0.7212144
5169.  0.7270222
5170.  0.7208422
5171.  0.7029186
5172.  0.6714563
5173.  0.6266327
5174.  0.5736073
5175.  0.5192042
5176.  0.4713519
5177.  0.4361306
5178.  0.4170988
5179.  0.4123579
5180.  0.4167477
5181.  0.4252171
5182.  0.4334607
5183.  0.4399056
5184.  0.4448991
5185.  0.4518088
5186.  0.4617222
5187.  0.4717489
5188.  0.4785885
5189.  0.4790477
5190.  0.475619
5191.  0.4741098
5192.  0.4820568
5193.  0.5051773
5194.  0.5407335
5195.  0.5820368
5196.  0.6188325
5197.  0.6416677
5198.  0.6442928
5199.  0.6244193
5200.  0.5841548
5201.  0.5296551
5202.  0.4696184
5203.  0.4124118
5204.  0.365122
5205.  0.3318384
5206.  0.3134087
5207.  0.3056133
5208.  0.3025591
5209.  0.2977879
5210.  0.2876195
5211.  0.2722384
5212.  0.2552072
5213.  0.2424451
5214.  0.2371337
5215.  0.2404695
5216.  0.2517915
5217.  0.2691255
5218.  0.2896344
5219.  0.3102282
5220.  0.3277962
5221.  0.3411391
5222.  0.3520125
5223.  0.3625556
5224.  0.3749677
5225.  0.390921
5226.  0.4114362
5227.  0.4364671
5228.  0.4653426
5229.  0.4980428
5230.  0.5339828
5231.  0.5711805
5232.  0.6063944
5233.  0.6346403
5234.  0.6511601
5235.  0.6521416
5236.  0.6366839
5237.  0.6066068
5238.  0.5690246
5239.  0.5333884
5240.  0.501554
5241.  0.4720258
5242.  0.4425213
5243.  0.4111824
5244.  0.378645
5245.  0.3479558
5246.  0.3271919
5247.  0.3183809
5248.  0.3138468
5249.  0.3101491
5250.  0.3080848
5251.  0.3073237
5252.  0.3073486
5253.  0.3090633
5254.  0.3136437
5255.  0.3209442
5256.  0.3303566
5257.  0.3411884
5258.  0.3524134
5259.  0.3615456
5260.  0.3698505
5261.  0.3857526
5262.  0.4080811
5263.  0.4242348
5264.  0.4437338
5265.  0.4892131
5266.  0.5460286
5267.  0.5872311
5268.  0.6221148
5269.  0.6652007
5270.  0.7082825
5271.  0.7433208
5272.  0.7733485
5273.  0.7982861
5274.  0.8107685
5275.  0.8076891
5276.  0.7914912
5277.  0.7660324
5278.  0.7362969
5279.  0.7064523
5280.  0.6794971
5281.  0.655853
5282.  0.6343313
5283.  0.6121624
5284.  0.5867041
5285.  0.5576825
5286.  0.5257
5287.  0.492207
5288.  0.4588814
5289.  0.4273095
5290.  0.3986912
5291.  0.3735206
5292.  0.353444
5293.  0.3407044
5294.  0.3344359
5295.  0.3320515
5296.  0.3305126
5297.  0.3271942
5298.  0.3214847
5299.  0.3145679
5300.  0.3121849
5301.  0.3182363
5302.  0.3295203
5303.  0.3436629
5304.  0.3610004
5305.  0.3817951
5306.  0.4064913
5307.  0.4348238
5308.  0.4659631
5309.  0.4999919
5310.  0.5373974
5311.  0.5801121
5312.  0.6295917
5313.  0.6835557
5314.  0.73735
5315.  0.7829205
5316.  0.8119012
5317.  0.8166806
5318.  0.7942969
5319.  0.7495992
5320.  0.691411
5321.  0.6323717
5322.  0.5812198
5323.  0.5416438
5324.  0.5140339
5325.  0.4958331
5326.  0.4839715
5327.  0.4753749
5328.  0.4664831
5329.  0.4550085
5330.  0.4460886
5331.  0.4451901
5332.  0.4523854
5333.  0.4650247
5334.  0.4763464
5335.  0.4793549
5336.  0.4678136
5337.  0.4410467
5338.  0.4059234
5339.  0.3695315
5340.  0.338401
5341.  0.3154063
5342.  0.3001128
5343.  0.289648
5344.  0.2799923
5345.  0.2683392
5346.  0.2533156
5347.  0.2388724
5348.  0.2296322
5349.  0.2262987
5350.  0.2283507
5351.  0.2338954
5352.  0.2408556
5353.  0.2476268
5354.  0.253865
5355.  0.2609249
5356.  0.2717913
5357.  0.2909591
5358.  0.3198128
5359.  0.3566533
5360.  0.3975021
5361.  0.4367974
5362.  0.4686902
5363.  0.4879512
5364.  0.4917636
5365.  0.4795701
5366.  0.4542475
5367.  0.4204994
5368.  0.3854711
5369.  0.354772
5370.  0.3278447
5371.  0.3039757
5372.  0.2839707
5373.  0.2688704
5374.  0.2605694
5375.  0.2588578
5376.  0.2612876
5377.  0.2634324
5378.  0.2593653
5379.  0.2486577
5380.  0.2346267
5381.  0.2199243
5382.  0.206712
5383.  0.1944636
5384.  0.1816088
5385.  0.1654125
5386.  0.1443641
5387.  0.1239828
5388.  0.1103203
5389.  0.1068814
5390.  0.1140747
5391.  0.1255915
5392.  0.1354305
5393.  0.1399157
5394.  0.1389548
5395.  0.1378971
5396.  0.1402098
5397.  0.1468104
5398.  0.1554674
5399.  0.1611543
5400.  0.1620406
5401.  0.1587194
5402.  0.1536464
5403.  0.1502463
5404.  0.1509913
5405.  0.1574781
5406.  0.1676428
5407.  0.178773
5408.  0.1925937
5409.  0.2106636
5410.  0.230993
5411.  0.2507582
5412.  0.2662126
5413.  0.2747236
5414.  0.2761255
5415.  0.2725216
5416.  0.2694592
5417.  0.2707214
5418.  0.2768869
5419.  0.2878456
5420.  0.3026335
5421.  0.3199745
5422.  0.3384727
5423.  0.3565038
5424.  0.3724009
5425.  0.3844323
5426.  0.3911703
5427.  0.3913323
5428.  0.3842587
5429.  0.373728
5430.  0.3641901
5431.  0.3552447
5432.  0.3451507
5433.  0.3317114
5434.  0.3132176
5435.  0.2902089
5436.  0.2643664
5437.  0.2395499
5438.  0.2182158
5439.  0.1987951
5440.  0.1800417
5441.  0.1617007
5442.  0.1446778
5443.  0.1317133
5444.  0.1238879
5445.  0.1204336
5446.  0.1182967
5447.  0.1124066
5448.  0.1015467
5449.  0.08766529
5450.  0.07262415
5451.  0.05837183
5452.  0.04804604
5453.  0.04466076
5454.  0.04866011
5455.  0.05864194
5456.  0.06982184
5457.  0.07665624
5458.  0.07336707
5459.  0.0568425
5460.  0.03545197
5461.  0.01877698
5462.  0.01097197
5463.  0.01351538
5464.  0.02216163
5465.  0.03226482
5466.  0.041195
5467.  0.04799721
5468.  0.05560774
5469.  0.06533564
5470.  0.07492689
5471.  0.08254393
5472.  0.08676413
5473.  0.08852375
5474.  0.09159191
5475.  0.09823997
5476.  0.1091119
5477.  0.1224254
5478.  0.1345362
5479.  0.1418904
5480.  0.1413162
5481.  0.1347644
5482.  0.1270796
5483.  0.1203735
5484.  0.1153912
5485.  0.1113873
5486.  0.1069723
5487.  0.1017087
5488.  0.0957149
5489.  0.09054101
5490.  0.08802737
5491.  0.08952601
5492.  0.09569897
5493.  0.1051384
5494.  0.1159941
5495.  0.1264223
5496.  0.1353603
5497.  0.144559
5498.  0.1553167
5499.  0.1668862
5500.  0.1777875
5501.  0.1848152
5502.  0.1868026
5503.  0.1869115
5504.  0.1876473
5505.  0.1900544
5506.  0.1937306
5507.  0.1960457
5508.  0.1952355
5509.  0.1909046
5510.  0.1830961
5511.  0.1725295
5512.  0.1600458
5513.  0.1463659
5514.  0.1340738
5515.  0.1271013
5516.  0.1258734
5517.  0.128388
5518.  0.1343458
5519.  0.1442841
5520.  0.1584088
5521.  0.1767605
5522.  0.1991438
5523.  0.2250185
5524.  0.2534966
5525.  0.2833791
5526.  0.3115082
5527.  0.3346039
5528.  0.3526115
5529.  0.3666698
5530.  0.3784933
5531.  0.3897197
5532.  0.4005514
5533.  0.410325
5534.  0.4169681
5535.  0.4179209
5536.  0.4102649
5537.  0.3915222
5538.  0.3645181
5539.  0.3289551
5540.  0.2601285
5541.  0.153131
5542.  0.07384586
5543.  0.06527404
5544.  0.09160803
5545.  0.1209348
5546.  0.1463742
5547.  0.1617083
5548.  0.1649873
5549.  0.1562004
5550.  0.1354636
5551.  0.1052222
5552.  0.07034655
5553.  0.0354439
5554.  0.003994955
5555.  -0.02089679
5556.  -0.03670807
5557.  -0.04318235
5558.  -0.04238015
5559.  -0.03769334
5560.  -0.03405622
5561.  -0.0312325
5562.  -0.02353382
5563.  -0.00972748
5564.  0.007446771
5565.  0.02366149
5566.  0.03330595
5567.  0.03433326
5568.  0.02783305
5569.  0.01765599
5570.  0.009476049
5571.  0.007461444
5572.  0.01412904
5573.  0.02871185
5574.  0.04814187
5575.  0.06653509
5576.  0.07701921
5577.  0.07727803
5578.  0.06795333
5579.  0.05384519
5580.  0.0416417
5581.  0.03456589
5582.  0.03392325
5583.  0.03704764
5584.  0.03964456
5585.  0.04242434
5586.  0.04741629
5587.  0.05644763
5588.  0.07077663
5589.  0.08037495
5590.  0.07353783
5591.  0.05472882
5592.  0.03324378
5593.  0.01807356
5594.  0.01646877
5595.  0.02370782
5596.  0.03141434
5597.  0.02854736
5598.  0.006187527
5599.  -0.02546121
5600.  -0.05244507
5601.  -0.07026721
5602.  -0.07712645
5603.  -0.07450499
5604.  -0.06571341
5605.  -0.05502829
5606.  -0.04657773
5607.  -0.04222534
5608.  -0.04256307
5609.  -0.04573349
5610.  -0.04928522
5611.  -0.05203823
5612.  -0.05295384
5613.  -0.05075051
5614.  -0.04469341
5615.  -0.03444646
5616.  -0.02101184
5617.  -0.01004128
5618.  -0.006657085
5619.  -0.01222239
5620.  -0.02572406
5621.  -0.04011631
5622.  -0.04854172
5623.  -0.04826203
5624.  -0.03907304
5625.  -0.02749266
5626.  -0.01986371
5627.  -0.01750089
5628.  -0.02005983
5629.  -0.02370112
5630.  -0.02472352
5631.  -0.02242468
5632.  -0.01714708
5633.  -0.01171164
5634.  -0.008486137
5635.  -0.007134549
5636.  -0.006380921
5637.  -0.002200194
5638.  0.007861973
5639.  0.02011555
5640.  0.03042949
5641.  0.03512466
5642.  0.03243199
5643.  0.02684148
5644.  0.02283885
5645.  0.02237302
5646.  0.02586348
5647.  0.02891034
5648.  0.028029
5649.  0.02494226
5650.  0.02205239
5651.  0.02206817
5652.  0.02730125
5653.  0.03821266
5654.  0.05437587
5655.  0.07435369
5656.  0.09582876
5657.  0.1151635
5658.  0.1288848
5659.  0.134197
5660.  0.1298869
5661.  0.1180451
5662.  0.1022542
5663.  0.08991972
5664.  0.08611935
5665.  0.08445693
5666.  0.07928594
5667.  0.07385658
5668.  0.07184816
5669.  0.0766118
5670.  0.08955962
5671.  0.1045195
5672.  0.1148736
5673.  0.1157768
5674.  0.1050512
5675.  0.09089106
5676.  0.08155663
5677.  0.07725968
5678.  0.07667747
5679.  0.0756553
5680.  0.07071109
5681.  0.06734452
5682.  0.07077591
5683.  0.07766058
5684.  0.08344433
5685.  0.08385728
5686.  0.07577125
5687.  0.06222499
5688.  0.04763693
5689.  0.03576695
5690.  0.02961984
5691.  0.02769207
5692.  0.0273021
5693.  0.02764869
5694.  0.02813767
5695.  0.02653797
5696.  0.02092801
5697.  0.01329517
5698.  0.006545218
5699.  0.002612157
5700.  0.002811258
5701.  0.005351463
5702.  0.007513558
5703.  0.007733522
5704.  0.004956879
5705.  9.966389E-4
5706.  -0.001289613
5707.  -0.003126471
5708.  -0.007110462
5709.  -0.01100187
5710.  -0.01102592
5711.  -0.008376583
5712.  -0.006147968
5713.  -0.006163379
5714.  -0.009646906
5715.  -0.01475557
5716.  -0.01801214
5717.  -0.01822774
5718.  -0.0155957
5719.  -0.01044616
5720.  -0.003501068
5721.  0.004136538
5722.  0.01140848
5723.  0.01560964
5724.  0.01300013
5725.  0.004725619
5726.  -0.00430425
5727.  -0.01080093
5728.  -0.01285852
5729.  -0.01067335
5730.  -0.006822242
5731.  -0.002529058
5732.  0.002840565
5733.  0.007939721
5734.  0.008883378
5735.  0.006266384
5736.  0.006918979
5737.  0.01187344
5738.  0.01329742
5739.  0.008858501
5740.  0.005171638
5741.  0.005477936
5742.  0.007158832
5743.  0.00834968
5744.  0.008317071
5745.  0.006980812
5746.  0.006321972
5747.  0.007438305
5748.  0.008655248
5749.  0.008810497
5750.  0.008711435
5751.  0.008875985
5752.  0.008410505
5753.  0.006839857
5754.  0.005530021
5755.  0.005638246
5756.  0.006830634
5757.  0.008572559
5758.  0.009686093
5759.  0.009245504
5760.  0.01015126
5761.  0.01511472
5762.  0.01943633
5763.  0.01764766
5764.  0.01277694
5765.  0.009640925
5766.  0.00421086
5767.  -0.009143972
5768.  -0.02247828
5769.  -0.02444825
5770.  -0.01623767
5771.  -0.00385983
5772.  0.005996188
5773.  0.00644165
5774.  -0.003238647
5775.  -0.02001701
5776.  -0.03824629
5777.  -0.05063541
5778.  -0.0547176
5779.  -0.05189851
5780.  -0.04437834
5781.  -0.03523725
5782.  -0.02663222
5783.  -0.01926141
5784.  -0.01426346
5785.  -0.01328747
5786.  -0.01570632
5787.  -0.01821989
5788.  -0.01769764
5789.  -0.01125491
5790.  0.001221933
5791.  0.01512057
5792.  0.02524143
5793.  0.02516551
5794.  0.01231829
5795.  -0.005853489
5796.  -0.02186662
5797.  -0.03128581
5798.  -0.03134206
5799.  -0.02457923
5800.  -0.01468742
5801.  -0.005628759
5802.  -7.179034E-4
5803.  0.001555844
5804.  0.003531994
5805.  0.008140932
5806.  0.01807812
5807.  0.02529013
5808.  0.01950422
5809.  0.007771099
5810.  0.002703909
5811.  0.003838568
5812.  0.005508548
5813.  0.006293217
5814.  0.00640603
5815.  0.006361445
5816.  0.007281282
5817.  0.008654724
5818.  0.00853845
5819.  0.007126412
5820.  0.006701615
5821.  0.007640646
5822.  0.008079293
5823.  0.007289734
5824.  0.006060437
5825.  0.005049014
5826.  0.004859269
5827.  0.005660457
5828.  0.00653189
5829.  0.006759897
5830.  0.006304091
5831.  0.005336382
5832.  0.004816635
5833.  0.005467641
5834.  0.006373178
5835.  0.006594107
5836.  0.006496223
5837.  0.006567823
5838.  0.006458621
5839.  0.005725834
5840.  0.004887694
5841.  0.004705496
5842.  0.004719523
5843.  0.004009834
5844.  0.003157797
5845.  0.003463919
5846.  0.004401502
5847.  0.004335292
5848.  0.003393455
5849.  0.003044433
5850.  0.00351216
5851.  0.003809535
5852.  0.00375389
5853.  0.00417291
5854.  0.005122029
5855.  0.005421586
5856.  0.004623457
5857.  0.003753608
5858.  0.003546305
5859.  0.003947644
5860.  0.0047908
5861.  0.005579626
5862.  0.005856914
5863.  0.005557565
5864.  0.004743717
5865.  0.00393771
5866.  0.003691675
5867.  0.003793354
5868.  0.003850912
5869.  0.003839918
5870.  0.00383251
5871.  0.00383251
5872.  0.00383251
5873.  0.003832375
5874.  0.003811964
5875.  0.003811182
5876.  0.003971271
5877.  0.004033249
5878.  0.003266696
5879.  0.001870274
5880.  0.001350205
5881.  0.002181856
5882.  0.002966243
5883.  0.002971121
5884.  0.003105869
5885.  0.003905778
5886.  0.004714519
5887.  0.004982901
5888.  0.004674585
5889.  0.003859492
5890.  0.003059387
5891.  0.002817596
5892.  0.002919226
5893.  0.002976949
5894.  0.002966152
5895.  0.00295857
5896.  0.00295857
5897.  0.00295857
5898.  0.00295857
5899.  0.00295857
5900.  0.00295857
5901.  0.002969768
5902.  0.00297495
5903.  0.00288461
5904.  0.002806153
5905.  0.003231951
5906.  0.004179795
5907.  0.004574251
5908.  0.0038393
5909.  0.002972172
5910.  0.002774851
5911.  0.002937244
5912.  0.003036477
5913.  0.003069012
5914.  0.003272645
5915.  8.076486E-4
5916.  -0.007728964
5917.  -0.01315943
5918.  -0.002294664
5919.  0.01825541
5920.  0.03222692
5921.  0.03705694
5922.  0.03921263
5923.  0.04041837
5924.  0.03865522
5925.  0.03414901
5926.  0.02907529
5927.  0.02557509
5928.  0.02633609
5929.  0.03196729
5930.  0.03781498
5931.  0.03995283
5932.  0.03749084
5933.  0.03058287
5934.  0.02633848
5935.  0.03170354
5936.  0.0377294
5937.  0.03256188
5938.  0.02023548
5939.  0.009980262
5940.  0.0030871
5941.  -0.002595973
5942.  -0.007366106
5943.  -0.0108018
5944.  -0.01207113
5945.  -0.009678029
5946.  -0.003676268
5947.  0.00377533
5948.  0.01041628
5949.  0.01381477
5950.  0.01247424
5951.  0.007416178
5952.  2.879160E-4
5953.  -0.006764406
5954.  -0.0116472
5955.  -0.01110471
5956.  -0.002420235
5957.  0.00832688
5958.  0.01264533
5959.  0.009988145
5960.  0.003361238
5961.  -0.004337227
5962.  -0.01004236
5963.  -0.01225169
5964.  -0.01115777
5965.  -0.008022521
5966.  -0.00572633
5967.  -0.005397944
5968.  -0.004210834
5969.  -7.314344E-5
5970.  0.007253323
5971.  0.01725538
5972.  0.02474423
5973.  0.02493716
5974.  0.02338092
5975.  0.02731319
5976.  0.03372811
5977.  0.03664317
5978.  0.03596408
5979.  0.03419587
5980.  0.03326745
5981.  0.03500478
5982.  0.03994012
5983.  0.04678674
5984.  0.05524451
5985.  0.06696218
5986.  0.08227134
5987.  0.09854123
5988.  0.1135292
5989.  0.1268496
5990.  0.1382704
5991.  0.1486621
5992.  0.1589575
5993.  0.1661806
5994.  0.1662477
5995.  0.160083
5996.  0.1513535
5997.  0.137606
5998.  0.1124251
5999.  0.07834089
6000.  0.04657107
6001.  0.02500737
6002.  0.016965
6003.  0.02191708
6004.  0.03016302
6005.  0.03291196
6006.  0.02740392
6007.  0.01268347
6008.  -0.004999539
6009.  -0.01812172
6010.  -0.02461835
6011.  -0.02411855
6012.  -0.0189537
6013.  -0.01320999
6014.  -0.00792622
6015.  -0.001726074
6016.  0.004798587
6017.  0.008933658
6018.  0.009722504
6019.  0.00897243
6020.  0.008198886
6021.  0.007832843
6022.  0.008264842
6023.  0.01044476
6024.  0.01497781
6025.  0.01803566
6026.  0.01512541
6027.  0.009562792
6028.  0.007412862
6029.  0.008779217
6030.  0.01052613
6031.  0.01131695
6032.  0.01115106
6033.  0.01033135
6034.  0.01002368
6035.  0.01076772
6036.  0.01131481
6037.  0.01078891
6038.  0.009924545
6039.  0.009455961
6040.  0.009333597
6041.  0.009399082
6042.  0.009714996
6043.  0.01038235
6044.  0.01113337
6045.  0.01151384
6046.  0.01149491
6047.  0.01140408
6048.  0.01139994
6049.  0.01141343
6050.  0.0114141
6051.  0.01141708
6052.  0.0114255
6053.  0.01140497
6054.  0.01133347
6055.  0.01140082
6056.  0.01181097
6057.  0.01231969
6058.  0.01255756
6059.  0.01252271
6060.  0.0123674
6061.  0.01233177
6062.  0.01279534
6063.  0.01362801
6064.  0.01385408
6065.  0.01310266
6066.  0.012574
6067.  0.01312781
6068.  0.01389873
6069.  0.01395567
6070.  0.01404337
6071.  0.01528229
6072.  0.01551109
6073.  0.0114023
6074.  0.005055592
6075.  0.001735058
6076.  0.0033596
6077.  0.008581751
6078.  0.01548787
6079.  0.02078573
6080.  0.02248658
6081.  0.02299792
6082.  0.0247686
6083.  0.02894772
6084.  0.0363334
6085.  0.04612108
6086.  0.05670201
6087.  0.06644742
6088.  0.07414827
6089.  0.07640519
6090.  0.06806553
6091.  0.04996988
6092.  0.0311419
6093.  0.01824812
6094.  0.01270851
6095.  0.01436946
6096.  0.01638957
6097.  0.01192047
6098.  0.001630286
6099.  -0.01212673
6100.  -0.02430678
6101.  -0.02862394
6102.  -0.02457761
6103.  -0.01589183
6104.  -0.00579382
6105.  0.003133098
6106.  0.009034217
6107.  0.01229817
6108.  0.01360769
6109.  0.01326003
6110.  0.01187784
6111.  0.01170445
6112.  0.01498243
6113.  0.02161066
6114.  0.03064064
6115.  0.03960908
6116.  0.04495517
6117.  0.04593333
6118.  0.04538592
6119.  0.04491552
6120.  0.04326995
6121.  0.03993225
6122.  0.03629914
6123.  0.03381125
6124.  0.03456081
6125.  0.04037794
6126.  0.05058973
6127.  0.06356486
6128.  0.07576171
6129.  0.08243259
6130.  0.08188686
6131.  0.07634097
6132.  0.06835457
6133.  0.06093052
6134.  0.05679287
6135.  0.05620044
6136.  0.05897054
6137.  0.06569999
6138.  0.07683643
6139.  0.09127047
6140.  0.1074198
6141.  0.123681
6142.  0.138153
6143.  0.1518935
6144.  0.170671
6145.  0.1969999
6146.  0.2248869
6147.  0.2486062
6148.  0.2652567
6149.  0.2726335
6150.  0.2716063
6151.  0.2640639
6152.  0.2536328
6153.  0.2451209
6154.  0.2378826
6155.  0.2257002
6156.  0.2055991
6157.  0.1804449
6158.  0.1532893
6159.  0.1281303
6160.  0.1087045
6161.  0.09512512
6162.  0.0864407
6163.  0.08152466
6164.  0.07894833
6165.  0.07702049
6166.  0.07413698
6167.  0.06905395
6168.  0.06092205
6169.  0.05021495
6170.  0.0402406
6171.  0.03413722
6172.  0.03458963
6173.  0.04361995
6174.  0.05678318
6175.  0.06772789
6176.  0.07364415
6177.  0.07373191
6178.  0.06943843
6179.  0.06477699
6180.  0.06270239
6181.  0.06388287
6182.  0.06793067
6183.  0.0689545
6184.  0.06138229
6185.  0.04855818
6186.  0.03586427
6187.  0.02709517
6188.  0.02524959
6189.  0.03062603
6190.  0.04085754
6191.  0.05245255
6192.  0.06019326
6193.  0.06020758
6194.  0.05364913
6195.  0.04242078
6196.  0.02935158
6197.  0.01791553
6198.  0.007883963
6199.  -0.002891477
6200.  -0.01236618
6201.  -0.01528857
6202.  -0.009451724
6203.  0.003299044
6204.  0.01949329
6205.  0.02851073
6206.  0.02146903
6207.  0.006366211
6208.  -0.005831822
6209.  -0.009138045
6210.  7.208074E-4
6211.  0.02086016
6212.  0.04210121
6213.  0.05809059
6214.  0.06766531
6215.  0.07090054
6216.  0.0729425
6217.  0.07887702
6218.  0.08844231
6219.  0.1004366
6220.  0.1108028
6221.  0.1142942
6222.  0.1100745
6223.  0.1010584
6224.  0.09132159
6225.  0.08721125
6226.  0.09311046
6227.  0.1053561
6228.  0.1198251
6229.  0.1349754
6230.  0.1492732
6231.  0.1652265
6232.  0.1875542
6233.  0.2150498
6234.  0.2407222
6235.  0.2606327
6236.  0.276688
6237.  0.2906758
6238.  0.3043322
6239.  0.3193319
6240.  0.3350512
6241.  0.3504056
6242.  0.3626052
6243.  0.3678463
6244.  0.366336
6245.  0.3629757
6246.  0.3612787
6247.  0.3618722
6248.  0.3648145
6249.  0.3648231
6250.  0.3557708
6251.  0.3431942
6252.  0.3367494
6253.  0.3332784
6254.  0.3212354
6255.  0.296025
6256.  0.2627729
6257.  0.2266977
6258.  0.1944275
6259.  0.1720816
6260.  0.1594404
6261.  0.1545512
6262.  0.1541591
6263.  0.1542786
6264.  0.1517887
6265.  0.1446953
6266.  0.1326922
6267.  0.118682
6268.  0.1057071
6269.  0.09542565
6270.  0.08931027
6271.  0.0888821
6272.  0.09503104
6273.  0.1073695
6274.  0.1250738
6275.  0.1438045
6276.  0.1540106
6277.  0.1507803
6278.  0.1437144
6279.  0.1417387
6280.  0.1425299
6281.  0.142503
6282.  0.1382078
6283.  0.1255879
6284.  0.1071894
6285.  0.09235502
6286.  0.08577478
6287.  0.08170934
6288.  0.07567398
6289.  0.070186
6290.  0.06792066
6291.  0.067895
6292.  0.06829095
6293.  0.06811243
6294.  0.06671706
6295.  0.06456076
6296.  0.06417204
6297.  0.06706131
6298.  0.07041408
6299.  0.07149471
6300.  0.07182349
6301.  0.07382857
6302.  0.07744758
6303.  0.08131246
6304.  0.08527508
6305.  0.09081421
6306.  0.09834775
6307.  0.1045613
6308.  0.1068243
6309.  0.1124834
6310.  0.13052
6311.  0.154489
6312.  0.1712306
6313.  0.1786781
6314.  0.1856653
6315.  0.1970375
6316.  0.2093498
6317.  0.2199566
6318.  0.2291373
6319.  0.2367999
6320.  0.2430125
6321.  0.2489229
6322.  0.2491541
6323.  0.232501
6324.  0.1977693
6325.  0.1640133
6326.  0.1460896
6327.  0.1373228
6328.  0.1296811
6329.  0.1213666
6330.  0.1112085
6331.  0.1027769
6332.  0.1036714
6333.  0.1153849
6334.  0.1280162
6335.  0.1338806
6336.  0.1351854
6337.  0.1347321
6338.  0.1310348
6339.  0.1219126
6340.  0.1089093
6341.  0.09578834
6342.  0.0852747
6343.  0.07860158
6344.  0.07625156
6345.  0.07519141
6346.  0.0721627
6347.  0.06827936
6348.  0.06580841
6349.  0.06509048
6350.  0.06517904
6351.  0.06592458
6352.  0.06854037
6353.  0.07323659
6354.  0.0762184
6355.  0.07376802
6356.  0.06696355
6357.  0.0583787
6358.  0.04867241
6359.  0.03731418
6360.  0.02528492
6361.  0.01577524
6362.  0.01110283
6363.  0.01126313
6364.  0.0159568
6365.  0.02184587
6366.  0.02442627
6367.  0.02436908
6368.  0.02623903
6369.  0.0317425
6370.  0.03688274
6371.  0.03924597
6372.  0.04570941
6373.  0.06330692
6374.  0.08326096
6375.  0.09207892
6376.  0.08770373
6377.  0.07669207
6378.  0.06440873
6379.  0.05456009
6380.  0.05036171
6381.  0.04882499
6382.  0.04600421
6383.  0.04241162
6384.  0.03986694
6385.  0.03865666
6386.  0.03788865
6387.  0.03650028
6388.  0.03284304
6389.  0.02568409
6390.  0.01332066
6391.  -0.006045865
6392.  -0.0255888
6393.  -0.03482375
6394.  -0.03128101
6395.  -0.0215326
6396.  -0.01096141
6397.  -0.001981236
6398.  0.002923544
6399.  0.005406606
6400.  0.008416104
6401.  0.01087658
6402.  0.009729679
6403.  0.004491554
6404.  -0.001967425
6405.  -0.007092691
6406.  -0.008668578
6407.  -0.004721564
6408.  0.003315405
6409.  0.0129538
6410.  0.02267838
6411.  0.03156053
6412.  0.03931145
6413.  0.04729716
6414.  0.05642959
6415.  0.06441546
6416.  0.0690093
6417.  0.06941918
6418.  0.06508429
6419.  0.05868697
6420.  0.05615404
6421.  0.06040704
6422.  0.06680017
6423.  0.07115613
6424.  0.0676893
6425.  0.04952504
6426.  0.02674303
6427.  0.01876921
6428.  0.03103519
6429.  0.04781772
6430.  0.05807823
6431.  0.06921779
6432.  0.08819496
6433.  0.1112323
6434.  0.1321924
6435.  0.1464088
6436.  0.150372
6437.  0.1423644
6438.  0.1242983
6439.  0.09915334
6440.  0.07316191
6441.  0.05265988
6442.  0.04170577
6443.  0.04326367
6444.  0.05415871
6445.  0.06350063
6446.  0.06330117
6447.  0.05630865
6448.  0.04645812
6449.  0.03497693
6450.  0.02186232
6451.  0.01680946
6452.  0.0357976
6453.  0.0834967
6454.  0.1426996
6455.  0.196804
6456.  0.2314295
6457.  0.2327445
6458.  0.2063106
6459.  0.1671914
6460.  0.1265311
6461.  0.08936829
6462.  0.06072052
6463.  0.04420184
6464.  0.04188129
6465.  0.04618248
6466.  0.04627504
6467.  0.03966174
6468.  0.03066677
6469.  0.02135452
6470.  0.00832529
6471.  -0.01038486
6472.  -0.02913292
6473.  -0.0411212
6474.  -0.04663562
6475.  -0.04938465
6476.  -0.05083404
6477.  -0.04951565
6478.  -0.04441773
6479.  -0.03220852
6480.  -0.00948817
6481.  0.0151213
6482.  0.0291217
6483.  0.02959154
6484.  0.0227317
6485.  0.01381388
6486.  0.006207586
6487.  0.003381809
6488.  0.003565504
6489.  0.00359153
6490.  0.002591862
6491.  0.001096641
6492.  -5.470011E-4
6493.  -0.001965672
6494.  -0.002741853
6495.  -0.003093173
6496.  -0.003312133
6497.  -0.003371502
6498.  -0.003161531
6499.  -0.00252191
6500.  -0.001150695
6501.  0.00103019
6502.  0.003027173
6503.  0.003827697
6504.  0.003578719
6505.  0.002790956
6506.  0.001896618
6507.  0.001269522
6508.  0.00114801
6509.  0.001192636
6510.  0.001048969
6511.  7.525266E-4
6512.  4.086833E-4
6513.  7.823469E-5
6514.  -1.971445E-4
6515.  -3.819151E-4
6516.  -4.844239E-4
6517.  -5.168713E-4
6518.  -4.865052E-4
6519.  -4.079409E-4
6520.  -2.818788E-4
6521.  -9.941078E-5
6522.  1.169089E-4
6523.  2.876944E-4
6524.  3.512731E-4
6525.  3.300856E-4
6526.  2.591372E-4
6527.  1.657684E-4
6528.  7.492138E-5
6529.  1.336910E-5
6530.  6.514233E-6
6531.  6.522820E-5
6532.  1.615534E-4
6533.  2.640236E-4
6534.  3.079918E-4
6535.  2.195086E-4
6536.  -1.490540E-5
6537.  -3.402853E-4
6538.  -6.996100E-4
6539.  -0.001031755
6540.  -0.001275487
6541.  -0.001434209
6542.  -0.001536693
6543.  -0.001597421
6544.  -0.001613604
6545.  -0.001600929
6546.  -0.001635788
6547.  -0.001789553
6548.  -0.00197104
6549.  -0.002047919
6550.  -0.002021252
6551.  -0.001991699
6552.  -0.002036002
6553.  -0.002197377
6554.  -0.002514319
6555.  -0.002836021
6556.  -0.002959668
6557.  -0.002906793
6558.  -0.002856738
6559.  -0.00289923
6560.  -0.002919375
6561.  -0.002831458
6562.  -0.002595804
6563.  -0.002175585
6564.  -0.001720978
6565.  -0.001501829
6566.  -0.001701497
6567.  -0.002300971
6568.  -0.003271965
6569.  -0.004671253
6570.  -0.006545594
6571.  -0.008750725
6572.  -0.01104647
6573.  -0.01322262
6574.  -0.01509862
6575.  -0.01654729
6576.  -0.01795487
6577.  -0.01979335
6578.  -0.02205256
6579.  -0.02443631
6580.  -0.02672382
6581.  -0.02886612
6582.  -0.03073933
6583.  -0.03201696
6584.  -0.03237233
6585.  -0.03146804
6586.  -0.0289931
6587.  -0.02482365
6588.  -0.01915597
6589.  -0.01226679
6590.  -0.004524565
6591.  0.003677175
6592.  0.01181273
6593.  0.01931729
6594.  0.02591161
6595.  0.03183083
6596.  0.03734211
6597.  0.04284389
6598.  0.048762
6599.  0.05503985
6600.  0.06130908
6601.  0.06720033
6602.  0.07243084
6603.  0.07668633
6604.  0.07941622
6605.  0.07989565
6606.  0.07848839
6607.  0.07639957
6608.  0.073504
6609.  0.06622952
6610.  0.05180338
6611.  0.03410746
6612.  0.01843418
6613.  0.006557717
6614.  -0.00247583
6615.  -0.008007891
6616.  -0.004293027
6617.  0.01314899
6618.  0.03363601
6619.  0.04344403
6620.  0.04034268
6621.  0.03053202
6622.  0.01960014
6623.  0.01303049
6624.  0.01659401
6625.  0.02280884
6626.  0.02059631
6627.  0.009468443
6628.  -0.001902102
6629.  -0.007361055
6630.  -0.006600539
6631.  0.001081547
6632.  0.009082972
6633.  0.008393808
6634.  -0.001625482
6635.  -0.01272705
6636.  -0.01836168
6637.  -0.01605653
6638.  -0.003117513
6639.  0.01313183
6640.  0.02163937
6641.  0.01868159
6642.  0.01057939
6643.  0.002546391
6644.  -0.004277502
6645.  -0.008447396
6646.  -0.01017081
6647.  -0.01068328
6648.  -0.01021653
6649.  -0.007010238
6650.  -2.493867E-5
6651.  0.009678024
6652.  0.02082306
6653.  0.03048212
6654.  0.03516563
6655.  0.03240813
6656.  0.02125056
6657.  0.001472274
6658.  -0.01853708
6659.  -0.02869421
6660.  -0.02751775
6661.  -0.01973277
6662.  -0.0097794
6663.  -0.001985377
6664.  -9.521710E-4
6665.  -0.002319671
6666.  4.806257E-4
6667.  0.009312469
6668.  0.02151052
6669.  0.03409969
6670.  0.03975797
6671.  0.03106914
6672.  0.012852
6673.  -0.005908049
6674.  -0.01867731
6675.  -0.0224467
6676.  -0.01518366
6677.  -0.003931617
6678.  0.002721896
6679.  0.004153509
6680.  0.003793615
6681.  0.003638269
6682.  0.002709734
6683.  5.847474E-4
6684.  -5.181795E-4
6685.  0.002100562
6686.  0.007545047
6687.  0.01231281
6688.  0.01410188
6689.  0.01413134
6690.  0.01343066
6691.  0.01323174
6692.  0.01491214
6693.  0.01805413
6694.  0.02023752
6695.  0.01937598
6696.  0.01331061
6697.  -4.229577E-6
6698.  -0.01706635
6699.  -0.03230312
6700.  -0.04105364
6701.  -0.03996485
6702.  -0.02674962
6703.  -0.01051309
6704.  -0.002192702
6705.  -0.004254702
6706.  -0.01336227
6707.  -0.02553065
6708.  -0.03459285
6709.  -0.03473755
6710.  -0.02426032
6711.  -0.002349826
6712.  0.024746
6713.  0.04300495
6714.  0.04193832
6715.  0.02712314
6716.  0.005221818
6717.  -0.01586632
6718.  -0.02741275
6719.  -0.02512462
6720.  -0.01408291
6721.  4.336726E-4
6722.  0.01655632
6723.  0.03251437
6724.  0.04554104
6725.  0.05258397
6726.  0.05178314
6727.  0.0433973
6728.  0.0278602
6729.  0.01067743
6730.  -8.453273E-4
6731.  -0.004760764
6732.  -0.006767346
6733.  -0.01146008
6734.  -0.01846381
6735.  -0.02746961
6736.  -0.03549735
6737.  -0.03810236
6738.  -0.0328247
6739.  -0.02219316
6740.  -0.008810013
6741.  0.003484063
6742.  0.0106211
6743.  0.01075763
6744.  0.004504924
6745.  -0.006675616
6746.  -0.01703272
6747.  -0.02040128
6748.  -0.01673797
6749.  -0.008778162
6750.  5.471753E-4
6751.  0.007952577
6752.  0.01025504
6753.  0.009379502
6754.  0.008114093
6755.  0.008543293
6756.  0.0121196
6757.  0.01927992
6758.  0.02529726
6759.  0.02552359
6760.  0.01870548
6761.  0.004731094
6762.  -0.01357536
6763.  -0.02771311
6764.  -0.0301045
6765.  -0.02562727
6766.  -0.02123664
6767.  -0.0190467
6768.  -0.01767386
6769.  -0.01590034
6770.  -0.008656997
6771.  0.01050158
6772.  0.03023502
6773.  0.03252454
6774.  0.01283515
6775.  -0.009155889
6776.  -0.01664807
6777.  -0.01186762
6778.  7.982018E-4
6779.  0.01627909
6780.  0.02867886
6781.  0.03321734
6782.  0.0319567
6783.  0.02720987
6784.  0.0218669
6785.  0.01923318
6786.  0.02024641
6787.  0.02117137
6788.  0.0187872
6789.  0.01104271
6790.  -0.004166404
6791.  -0.02399469
6792.  -0.04139719
6793.  -0.05071408
6794.  -0.05175236
6795.  -0.04470896
6796.  -0.03228969
6797.  -0.01826679
6798.  -0.006244755
6799.  5.303891E-4
6800.  -0.001074623
6801.  -0.004018927
6802.  0.001464702
6803.  0.01486851
6804.  0.02501815
6805.  0.02374126
6806.  0.01574245
6807.  0.00609438
6808.  -0.001747091
6809.  -0.005069306
6810.  -0.002433599
6811.  0.004049881
6812.  0.01239181
6813.  0.0176308
6814.  0.01377899
6815.  0.001337431
6816.  -0.0105696
6817.  -0.01442614
6818.  -0.01105975
6819.  -0.001409704
6820.  0.009508017
6821.  0.01373294
6822.  0.006690267
6823.  -0.002202611
6824.  -0.002882405
6825.  8.561820E-4
6826.  7.723058E-4
6827.  -0.006196254
6828.  -0.01396912
6829.  -0.01783242
6830.  -0.01510477
6831.  -0.003060819
6832.  0.01508157
6833.  0.03056685
6834.  0.03625212
6835.  0.03092257
6836.  0.01324551
6837.  -0.009366971
6838.  -0.02500388
6839.  -0.02635402
6840.  -0.01940634
6841.  -0.009899276
6842.  -0.001325968
6843.  0.002828959
6844.  0.002040448
6845.  8.481646E-4
6846.  0.003322289
6847.  0.007706136
6848.  0.01170285
6849.  0.01425197
6850.  0.0152395
6851.  0.01466575
6852.  0.01401732
6853.  0.01471218
6854.  0.01738422
6855.  0.02218338
6856.  0.0281693
6857.  0.03193216
6858.  0.03085626
6859.  0.02097293
6860.  -0.002002392
6861.  -0.0348038
6862.  -0.0632242
6863.  -0.07519515
6864.  -0.06851546
6865.  -0.04187931
6866.  -0.003836628
6867.  0.02888941
6868.  0.04286734
6869.  0.04182551
6870.  0.03029082
6871.  0.01410373
6872.  3.189689E-4
6873.  -0.006498743
6874.  -0.01141208
6875.  -0.01968769
6876.  -0.02840944
6877.  -0.03263347
6878.  -0.03017252
6879.  -0.02326408
6880.  -0.01394102
6881.  -0.003340913
6882.  0.007316629
6883.  0.0163304
6884.  0.02177148
6885.  0.02221547
6886.  0.01638313
6887.  0.003148252
6888.  -0.01429126
6889.  -0.03007125
6890.  -0.03934115
6891.  -0.04102319
6892.  -0.03485174
6893.  -0.02064971
6894.  0.001475331
6895.  0.02806506
6896.  0.0483029
6897.  0.05258068
6898.  0.0404121
6899.  0.01363628
6900.  -0.02100063
6901.  -0.04979176
6902.  -0.06042723
6903.  -0.0547555
6904.  -0.03691819
6905.  -0.01297888
6906.  0.009310942
6907.  0.02281675
6908.  0.02864949
6909.  0.02932205
6910.  0.02453198
6911.  0.01254981
6912.  -0.006198846
6913.  -0.0252691
6914.  -0.03912167
6915.  -0.04256265
6916.  -0.03063098
6917.  -0.004501126
6918.  0.01858705
6919.  0.02222742
6920.  0.007177135
6921.  -0.02141067
6922.  -0.05551087
6923.  -0.08195467
6924.  -0.08773176
6925.  -0.08193853
6926.  -0.07838044
6927.  -0.08107381
6928.  -0.08181367
6929.  -0.07470702
6930.  -0.06190487
6931.  -0.04585782
6932.  -0.02942699
6933.  -0.01574339
6934.  -0.00744242
6935.  -0.005470776
6936.  -0.01120642
6937.  -0.0196081
6938.  -0.02183485
6939.  -0.01268754
6940.  -0.00254945
6941.  -0.002519381
6942.  -0.009500116
6943.  -0.01482356
6944.  -0.01339515
6945.  -0.009148708
6946.  -0.005276663
6947.  -0.003933813
6948.  -0.00692903
6949.  -0.01503043
6950.  -0.02708339
6951.  -0.04206863
6952.  -0.05346505
6953.  -0.05362513
6954.  -0.04104642
6955.  -0.0232738
6956.  -0.007239034
6957.  0.00294542
6958.  0.003592628
6959.  -0.005955613
6960.  -0.02295398
6961.  -0.0440894
6962.  -0.06212552
6963.  -0.06926826
6964.  -0.06385667
6965.  -0.04950767
6966.  -0.03012967
6967.  -0.01059393
6968.  0.003779028
6969.  0.01092017
6970.  0.0112118
6971.  0.005810506
6972.  -0.002458073
6973.  -0.01078447
6974.  -0.01478422
6975.  -0.009752025
6976.  0.006300998
6977.  0.0274179
6978.  0.04825853
6979.  0.06055141
6980.  0.05489243
6981.  0.02853376
6982.  -0.002312378
6983.  -0.02095633
6984.  -0.02864355
6985.  -0.03230077
6986.  -0.03528843
6987.  -0.03246384
6988.  -0.01992172
6989.  -0.002546466
6990.  0.01258118
6991.  0.02179925
6992.  0.02802442
6993.  0.03407755
6994.  0.03759451
6995.  0.03530902
6996.  0.02824076
6997.  0.02381308
6998.  0.02829763
6999.  0.04020327
7000.  0.0569129
7001.  0.0744186
7002.  0.08710796
7003.  0.08985628
7004.  0.08463541
7005.  0.07425004
7006.  0.06210895
7007.  0.05230155
7008.  0.04877824
7009.  0.04395329
7010.  0.02836184
7011.  0.004133772
7012.  -0.01576867
7013.  -0.02118866
7014.  -0.01116592
7015.  0.01597553
7016.  0.04945964
7017.  0.06846071
7018.  0.05655531
7019.  0.02745687
7020.  -0.003158852
7021.  -0.02551872
7022.  -0.03454489
7023.  -0.02641857
7024.  -0.01108853
7025.  -2.750790E-4
7026.  0.002100081
7027.  -0.002335127
7028.  -0.01191043
7029.  -0.0229482
7030.  -0.03095734
7031.  -0.03405439
7032.  -0.03231712
7033.  -0.02609487
7034.  -0.01548218
7035.  -2.999612E-4
7036.  0.01507429
7037.  0.02376414
7038.  0.02135167
7039.  0.01557131
7040.  0.01464508
7041.  0.01981864
7042.  0.02868156
7043.  0.03892621
7044.  0.04572666
7045.  0.04311251
7046.  0.03540365
7047.  0.03225709
7048.  0.04045715
7049.  0.05485998
7050.  0.07087953
7051.  0.08381589
7052.  0.08879276
7053.  0.08327435
7054.  0.07723751
7055.  0.08138724
7056.  0.09505751
7057.  0.1116917
7058.  0.1257615
7059.  0.1353192
7060.  0.138336
7061.  0.1340503
7062.  0.1224358
7063.  0.1048841
7064.  0.08995252
7065.  0.0873801
7066.  0.09274735
7067.  0.09427135
7068.  0.08350429
7069.  0.0663642
7070.  0.04809161
7071.  0.03329
7072.  0.02645857
7073.  0.03019224
7074.  0.03372753
7075.  0.02481089
7076.  0.006891112
7077.  -0.007713891
7078.  -0.009775737
7079.  -0.003647119
7080.  0.006590961
7081.  0.017408
7082.  0.02550144
7083.  0.02816142
7084.  0.02863416
7085.  0.030463
7086.  0.03470618
7087.  0.04074214
7088.  0.04774883
7089.  0.05172483
7090.  0.04885593
7091.  0.03775963
7092.  0.01884255
7093.  -0.00669955
7094.  -0.02752022
7095.  -0.03076588
7096.  -0.01796947
7097.  -0.002530202
7098.  0.003970253
7099.  0.003209347
7100.  -0.001818488
7101.  -0.01114756
7102.  -0.02774329
7103.  -0.05332339
7104.  -0.07260403
7105.  -0.06775144
7106.  -0.0400419
7107.  -0.0115955
7108.  -0.00156038
7109.  -0.00513143
7110.  -0.01535752
7111.  -0.0261869
7112.  -0.03300832
7113.  -0.03076037
7114.  -0.02064388
7115.  -0.004989524
7116.  0.01270322
7117.  0.02757094
7118.  0.03446293
7119.  0.03582242
7120.  0.03602558
7121.  0.03625646
7122.  0.03117776
7123.  0.01626953
7124.  -0.003410143
7125.  -0.0208665
7126.  -0.03101199
7127.  -0.03281049
7128.  -0.02476238
7129.  -0.01124538
7130.  0.001336929
7131.  0.008830042
7132.  0.01429322
7133.  0.02024879
7134.  0.02715264
7135.  0.03500037
7136.  0.04286527
7137.  0.04503684
7138.  0.03590028
7139.  0.01707398
7140.  -0.006382431
7141.  -0.029381
7142.  -0.04623985
7143.  -0.0509466
7144.  -0.04353387
7145.  -0.02789644
7146.  -0.008010409
7147.  0.01273576
7148.  0.03065074
7149.  0.04477522
7150.  0.05647806
7151.  0.06735346
7152.  0.08067933
7153.  0.09977299
7154.  0.1259917
7155.  0.1583989
7156.  0.1955048
7157.  0.2315852
7158.  0.2605369
7159.  0.2768805
7160.  0.276313
7161.  0.2551385
7162.  0.2192247
7163.  0.1767271
7164.  0.1340802
7165.  0.09338003
7166.  0.05719141
7167.  0.02528658
7168.  -0.003586942
7169.  -0.030421
7170.  -0.05479436
7171.  -0.07699843
7172.  -0.09416438
7173.  -0.1023174
7174.  -0.09929147
7175.  -0.09031335
7176.  -0.08040152
7177.  -0.07153773
7178.  -0.06420534
7179.  -0.05841038
7180.  -0.04601822
7181.  -0.01770657
7182.  0.02277795
7183.  0.06151594
7184.  0.08653804
7185.  0.09749562
7186.  0.09457797
7187.  0.08164558
7188.  0.06664163
7189.  0.05737584
7190.  0.05417707
7191.  0.05629959
7192.  0.06108574
7193.  0.06288183
7194.  0.05643627
7195.  0.04137924
7196.  0.0181889
7197.  -0.009251481
7198.  -0.02678935
7199.  -0.01977578
7200.  0.003795698
7201.  0.02769624
7202.  0.03838692
7203.  0.02997698
7204.  -0.006005428
7205.  -0.0553069
7206.  -0.09034143
7207.  -0.08815993
7208.  -0.06321959
7209.  -0.03292877
7210.  -0.004429318
7211.  0.02584285
7212.  0.06002517
7213.  0.08251271
7214.  0.07557288
7215.  0.03897877
7216.  2.019735E-4
7217.  -0.01454457
7218.  -0.01229892
7219.  -0.007063428
7220.  -0.007879094
7221.  -0.01008382
7222.  -0.01080217
7223.  -0.01063826
7224.  -0.01115968
7225.  -0.01318799
7226.  -0.01575038
7227.  -0.0177255
7228.  -0.01919828
7229.  -0.0209928
7230.  -0.02365828
7231.  -0.02497324
7232.  -0.02295534
7233.  -0.01690282
7234.  -0.007414602
7235.  0.005475762
7236.  0.01366016
7237.  0.007594734
7238.  -0.01417099
7239.  -0.03738358
7240.  -0.04846621
7241.  -0.04797454
7242.  -0.04024078
7243.  -0.02920799
7244.  -0.01757507
7245.  -0.009274342
7246.  -0.003860445
7247.  0.001393
7248.  0.008580877
7249.  0.01423582
7250.  0.01512572
7251.  0.01032882
7252.  0.001070401
7253.  -0.01154068
7254.  -0.02320148
7255.  -0.02923522
7256.  -0.02743023
7257.  -0.01983512
7258.  -0.008219872
7259.  0.003682697
7260.  0.01164579
7261.  0.01295129
7262.  0.009695643
7263.  0.003393691
7264.  -0.002065315
7265.  -0.001644141
7266.  0.008374716
7267.  0.01869111
7268.  0.01859405
7269.  0.008548892
7270.  -5.039966E-4
7271.  0.001037123
7272.  0.008120719
7273.  0.01427954
7274.  0.01587746
7275.  0.01475317
7276.  0.01192649
7277.  0.008493588
7278.  0.005670344
7279.  0.004405593
7280.  0.004468564
7281.  0.006673024
7282.  0.007936536
7283.  0.003334894
7284.  -0.01033725
7285.  -0.02052017
7286.  -0.01473774
7287.  0.01416612
7288.  0.06663755
7289.  0.1434644
7290.  0.2269355
7291.  0.2955286
7292.  0.3356211
7293.  0.3542739
7294.  0.3584818
7295.  0.349828
7296.  0.3287281
7297.  0.2973667
7298.  0.2618167
7299.  0.2277743
7300.  0.1994433
7301.  0.1795834
7302.  0.1707636
7303.  0.1667613
7304.  0.1596907
7305.  0.1476566
7306.  0.1401862
7307.  0.1457196
7308.  0.1631232
7309.  0.1885184
7310.  0.2176607
7311.  0.245163
7312.  0.2654885
7313.  0.2751011
7314.  0.272321
7315.  0.2566438
7316.  0.2324491
7317.  0.2047244
7318.  0.1800947
7319.  0.1668427
7320.  0.172488
7321.  0.1958615
7322.  0.2328782
7323.  0.2777333
7324.  0.3219329
7325.  0.3577635
7326.  0.3755627
7327.  0.3656732
7328.  0.3215128
7329.  0.2606584
7330.  0.2029363
7331.  0.1592296
7332.  0.1273261
7333.  0.105871
7334.  0.09339032
7335.  0.08754392
7336.  0.08496676
7337.  0.08064954
7338.  0.06908224
7339.  0.05234522
7340.  0.03645601
7341.  0.02680924
7342.  0.02265487
7343.  0.02301274
7344.  0.02703108
7345.  0.03415562
7346.  0.04354323
7347.  0.05179143
7348.  0.05539177
7349.  0.05181168
7350.  0.04030156
7351.  0.0195474
7352.  -0.003909055
7353.  -0.01961393
7354.  -0.01856386
7355.  -0.003618069
7356.  0.02112505
7357.  0.05133409
7358.  0.08319505
7359.  0.1132698
7360.  0.1327032
7361.  0.13212
7362.  0.1074144
7363.  0.0723377
7364.  0.04007091
7365.  0.01972186
7366.  0.01704218
7367.  0.03695812
7368.  0.06677478
7369.  0.09204032
7370.  0.1030963
7371.  0.0996548
7372.  0.0793778
7373.  0.05398899
7374.  0.03951189
7375.  0.04775175
7376.  0.06664421
7377.  0.08398587
7378.  0.09463704
7379.  0.09970465
7380.  0.09946162
7381.  0.09486806
7382.  0.08759777
7383.  0.07977138
7384.  0.07365316
7385.  0.07089478
7386.  0.07383578
7387.  0.08475977
7388.  0.1046148
7389.  0.1232157
7390.  0.1299558
7391.  0.1211593
7392.  0.1018661
7393.  0.0765577
7394.  0.05082367
7395.  0.03067806
7396.  0.02083447
7397.  0.0212806
7398.  0.03211651
7399.  0.04952643
7400.  0.0673296
7401.  0.07943785
7402.  0.08692912
7403.  0.09171256
7404.  0.09472017
7405.  0.09438094
7406.  0.08953638
7407.  0.08261622
7408.  0.0771874
7409.  0.07618429
7410.  0.07905765
7411.  0.08511724
7412.  0.09349736
7413.  0.1032412
7414.  0.113147
7415.  0.1217885
7416.  0.1278194
7417.  0.1301114
7418.  0.1277959
7419.  0.1199661
7420.  0.108068
7421.  0.09503877
7422.  0.08386215
7423.  0.07363251
7424.  0.06296235
7425.  0.05212403
7426.  0.0451927
7427.  0.04627989
7428.  0.05329821
7429.  0.06173033
7430.  0.06767858
7431.  0.07513171
7432.  0.0881715
7433.  0.1064392
7434.  0.1237575
7435.  0.1351585
7436.  0.1379225
7437.  0.129945
7438.  0.1112011
7439.  0.09173243
7440.  0.08208042
7441.  0.08441036
7442.  0.09366702
7443.  0.1054458
7444.  0.1161991
7445.  0.1221766
7446.  0.1214097
7447.  0.1174313
7448.  0.1134072
7449.  0.1128323
7450.  0.119121
7451.  0.1354003
7452.  0.1566222
7453.  0.1766476
7454.  0.1918551
7455.  0.2047193
7456.  0.2178447
7457.  0.2278452
7458.  0.2293995
7459.  0.2185048
7460.  0.2018701
7461.  0.1868249
7462.  0.1762179
7463.  0.1658438
7464.  0.1522462
7465.  0.1365076
7466.  0.1207666
7467.  0.1070023
7468.  0.09797406
7469.  0.09608555
7470.  0.1023085
7471.  0.1159498
7472.  0.1367775
7473.  0.1565231
7474.  0.1655465
7475.  0.1572188
7476.  0.1374227
7477.  0.1112696
7478.  0.08464659
7479.  0.06360376
7480.  0.05546169
7481.  0.05023053
7482.  0.03502653
7483.  0.003034127
7484.  -0.02940571
