1075.00000 0.00000
1076.00000 0.00000
1077.00000 0.00000
1078.00000 0.00000
1079.00000 0.00000
1080.00000 0.00000
1081.00000 0.00000
1082.00000 0.00000
1083.00000 0.00000
1084.00000 0.00000
1085.00000 0.00000
1086.00000 0.00000
1087.00000 0.00000
1088.00000 0.00000
1089.00000 0.00000
1090.00000 0.00000
1091.00000 0.00000
1092.00000 0.00000
1093.00000 0.00000
1094.00000 0.00000
1095.00000 0.00000
1096.00000 0.00000
1097.00000 0.00000
1098.00000 0.00000
1099.00000 0.00000
1100.00000 0.00000
1101.00000 0.00000
1102.00000 0.00000
1103.00000 0.00000
1104.00000 0.00000
1105.00000 0.00000
1106.00000 0.00000
1107.00000 0.00000
1108.00000 0.00000
1109.00000 0.00000
1110.00000 0.00000
1111.00000 0.00000
1112.00000 0.00000
1113.00000 0.00000
1114.00000 0.00000
1115.00000 0.00000
1116.00000 0.00000
1117.00000 0.00000
1118.00000 0.00000
1119.00000 0.00000
1120.00000 0.00000
1121.00000 0.00000
1122.00000 0.00000
1123.00000 0.00000
1124.00000 0.00000
1125.00000 0.00000
1126.00000 0.00000
1127.00000 0.00000
1128.00000 0.00000
1129.00000 0.00000
1130.00000 0.00000
1131.00000 0.00000
1132.00000 0.00000
1133.00000 0.00000
1134.00000 0.00000
1135.00000 0.00000
1136.00000 0.00000
1137.00000 0.00000
1138.00000 0.00000
1139.00000 0.00000
1140.00000 0.00000
1141.00000 0.00000
1142.00000 0.00000
1143.00000 0.00000
1144.00000 0.00000
1145.00000 0.00000
1146.00000 0.00000
1147.00000 0.00000
1148.00000 0.00000
1149.00000 0.00000
1150.00000 0.00000
1151.00000 0.00000
1152.00000 0.00000
1153.00000 0.00000
1154.00000 0.00000
1155.00000 0.00000
1156.00000 0.00000
1157.00000 0.00000
1158.00000 0.00000
1159.00000 0.00000
1160.00000 0.00000
1161.00000 0.00000
1162.00000 0.00000
1163.00000 0.00000
1164.00000 0.00000
1165.00000 0.00000
1166.00000 0.00000
1167.00000 0.00000
1168.00000 0.00000
1169.00000 0.00000
1170.00000 0.00000
1171.00000 0.00000
1172.00000 0.00000
1173.00000 0.00000
1174.00000 0.00000
1175.00000 0.00000
1176.00000 0.00000
1177.00000 0.00000
1178.00000 0.00000
1179.00000 0.00000
1180.00000 0.00000
1181.00000 0.00000
1182.00000 0.00000
1183.00000 0.00000
1184.00000 0.00000
1185.00000 0.00000
1186.00000 0.00000
1187.00000 0.00000
1188.00000 0.00000
1189.00000 0.00000
1190.00000 0.00000
1191.00000 0.00000
1192.00000 0.00000
1193.00000 0.00000
1194.00000 0.00000
1195.00000 0.00000
1196.00000 0.00000
1197.00000 0.00000
1198.00000 0.00000
1199.00000 0.00000
1200.00000 0.00000
1201.00000 0.00000
1202.00000 0.00000
1203.00000 0.00000
1204.00000 0.00000
1205.00000 0.00000
1206.00000 0.00000
1207.00000 0.00000
1208.00000 0.00000
1209.00000 0.00000
1210.00000 0.00000
1211.00000 0.00000
1212.00000 0.00000
1213.00000 0.00000
1214.00000 0.00000
1215.00000 0.00000
1216.00000 0.00000
1217.00000 0.00000
1218.00000 0.00000
1219.00000 0.00000
1220.00000 0.00000
1221.00000 0.00000
1222.00000 0.00000
1223.00000 0.00000
1224.00000 0.00000
1225.00000 0.00000
1226.00000 0.00000
1227.00000 0.00000
1228.00000 0.00000
1229.00000 0.00000
1230.00000 0.00000
1231.00000 0.00000
1232.00000 0.00000
1233.00000 0.00000
1234.00000 0.00000
1235.00000 0.00000
1236.00000 0.00000
1237.00000 0.00000
1238.00000 0.00000
1239.00000 0.00000
1240.00000 0.00000
1241.00000 0.00000
1242.00000 0.00000
1243.00000 0.00000
1244.00000 0.00000
1245.00000 0.00000
1246.00000 0.00000
1247.00000 0.00000
1248.00000 0.00000
1249.00000 0.00009
1250.00000 0.00437
1251.00000 0.12088
1252.00000 0.06185
1253.00000 0.22662
1254.00000 0.48801
1255.00000 0.42234
1256.00000 0.01547
1257.00000 0.00016
1258.00000 0.00000
1259.00000 0.00000
1260.00000 0.00000
1261.00000 0.00000
1262.00000 0.00000
1263.00000 0.00000
1264.00000 0.00000
1265.00000 0.00000
1266.00000 0.00013
1267.00000 0.00689
1268.00000 0.19053
1269.00000 0.21983
1270.00000 0.03119
1271.00000 0.22569
1272.00000 0.29854
1273.00000 0.38103
1274.00000 0.39212
1275.00000 0.46703
1276.00000 0.05439
1277.00000 -0.00000
1278.00000 0.00000
1279.00000 0.00000
1280.00000 0.00006
1281.00000 0.00297
1282.00000 0.08222
1283.00000 0.21010
1284.00000 0.18851
1285.00000 0.12682
1286.00000 0.30689
1287.00000 0.35300
1288.00000 0.25973
1289.00000 0.13395
1290.00000 0.12581
1291.00000 0.18186
1292.00000 0.01172
1293.00000 0.00005
1294.00000 0.00000
1295.00000 0.00000
1296.00000 0.00000
1297.00000 0.00000
1298.00000 0.00000
1299.00000 0.00000
1300.00000 0.00000
1301.00000 0.00000
1302.00000 0.00000
1303.00000 0.00000
1304.00000 0.00000
1305.00000 0.00000
1306.00000 0.00000
1307.00000 0.00000
1308.00000 0.00000
1309.00000 0.00000
1310.00000 0.00000
1311.00000 0.00000
1312.00000 0.00000
1313.00000 0.00000
1314.00000 0.00000
1315.00000 0.00000
1316.00000 0.00000
1317.00000 0.00000
1318.00000 0.00000
1319.00000 0.00000
1320.00000 0.00000
1321.00000 0.00000
1322.00000 0.00000
1323.00000 0.00000
1324.00000 0.00000
1325.00000 0.00000
1326.00000 0.00000
1327.00000 0.00000
1328.00000 0.00000
1329.00000 0.00000
1330.00000 0.00000
1331.00000 0.00000
1332.00000 0.00000
1333.00000 0.00000
1334.00000 0.00000
1335.00000 0.00000
1336.00000 0.00000
1337.00000 0.00000
1338.00000 0.00000
1339.00000 0.00000
1340.00000 0.00000
1341.00000 0.00000
1342.00000 0.00000
1343.00000 0.00000
1344.00000 0.00000
1345.00000 0.00000
1346.00000 0.00000
1347.00000 0.00000
1348.00000 0.00000
1349.00000 0.00000
1350.00000 0.00000
1351.00000 0.00000
1352.00000 0.00000
1353.00000 -0.00000
1354.00000 0.07800
1355.00000 0.21152
1356.00000 0.25372
1357.00000 0.26493
1358.00000 0.33107
1359.00000 0.53639
1360.00000 0.44486
1361.00000 0.43519
1362.00000 0.46460
1363.00000 0.46287
1364.00000 0.32763
1365.00000 0.36638
1366.00000 0.24327
1367.00000 0.18966
1368.00000 0.20194
1369.00000 0.20526
1370.00000 0.19352
1371.00000 0.13324
1372.00000 0.08360
1373.00000 0.09575
1374.00000 0.13192
1375.00000 0.19234
1376.00000 0.03887
1377.00000 0.00487
1378.00000 0.03647
1379.00000 0.23200
1380.00000 0.03744
1381.00000 0.11446
1382.00000 0.17344
1383.00000 0.24552
1384.00000 0.32993
1385.00000 0.05777
1386.00000 0.05190
1387.00000 0.06888
1388.00000 0.04127
1389.00000 0.13738
1390.00000 0.08092
1391.00000 -0.00000
1392.00000 0.00000
1393.00000 -0.00000
1394.00000 0.01596
1395.00000 0.12529
1396.00000 0.14727
1397.00000 0.04836
1398.00000 -0.00000
1399.00000 0.00000
1400.00000 0.00000
1401.00000 0.00000
1402.00000 0.00000
1403.00000 0.00000
1404.00000 0.00000
1405.00000 0.00000
1406.00000 0.00000
1407.00000 0.00000
1408.00000 0.00000
1409.00000 0.00000
1410.00000 0.00000
1411.00000 0.00000
1412.00000 0.00000
1413.00000 0.00000
1414.00000 0.00000
1415.00000 0.00027
1416.00000 0.01169
1417.00000 0.08375
1418.00000 0.17037
1419.00000 0.23309
1420.00000 0.31200
1421.00000 0.40077
1422.00000 0.24964
1423.00000 0.32593
1424.00000 0.36214
1425.00000 0.42056
1426.00000 0.39622
1427.00000 0.30883
1428.00000 0.30726
1429.00000 0.41272
1430.00000 0.51273
1431.00000 0.59874
1432.00000 0.53037
1433.00000 0.39057
1434.00000 0.51453
1435.00000 0.39024
1436.00000 0.33072
1437.00000 0.30128
1438.00000 0.55099
1439.00000 0.37469
1440.00000 0.51830
1441.00000 0.44372
1442.00000 0.41504
1443.00000 0.39318
1444.00000 0.53670
1445.00000 0.50285
1446.00000 0.46447
1447.00000 0.50732
1448.00000 0.44596
1449.00000 0.43528
1450.00000 0.44369
1451.00000 0.47719
1452.00000 0.50539
1453.00000 0.56583
1454.00000 0.44666
1455.00000 0.39532
1456.00000 0.34659
1457.00000 0.38670
1458.00000 0.43335
1459.00000 0.30571
1460.00000 0.37005
1461.00000 0.32470
1462.00000 0.33203
1463.00000 0.35803
1464.00000 0.26433
1465.00000 0.28262
1466.00000 0.38590
1467.00000 0.32441
1468.00000 0.29026
1469.00000 0.31197
1470.00000 0.30627
1471.00000 0.22786
1472.00000 0.35002
1473.00000 0.44633
1474.00000 0.53844
1475.00000 0.39907
1476.00000 0.38728
1477.00000 0.53247
1478.00000 0.58285
1479.00000 0.61541
1480.00000 0.59817
1481.00000 0.61309
1482.00000 0.57387
1483.00000 0.55197
1484.00000 0.59048
1485.00000 0.50835
1486.00000 0.32887
1487.00000 0.22928
1488.00000 0.19363
1489.00000 0.14814
1490.00000 0.23392
1491.00000 0.31273
1492.00000 0.42405
1493.00000 0.58086
1494.00000 0.65578
1495.00000 0.70551
1496.00000 0.59144
1497.00000 0.52871
1498.00000 0.60747
1499.00000 0.68744
1500.00000 0.61466
1501.00000 0.60095
1502.00000 0.57365
1503.00000 0.58955
1504.00000 0.45877
1505.00000 0.39948
1506.00000 0.33209
1507.00000 0.33862
1508.00000 0.28059
1509.00000 0.37908
1510.00000 0.32519
1511.00000 0.44448
1512.00000 0.59249
1513.00000 0.80450
1514.00000 0.84339
1515.00000 0.68856
1516.00000 0.85340
1517.00000 0.79611
1518.00000 1.00000
1519.00000 0.77182
1520.00000 0.67367
1521.00000 0.32539
1522.00000 0.24364
1523.00000 0.02858
1524.00000 0.07361
1525.00000 0.02841
1526.00000 -0.00000
1527.00000 0.00000
1528.00000 0.00000
1529.00000 0.00000
1530.00000 0.00000
1531.00000 0.00000
1532.00000 0.00000
1533.00000 0.00000
1534.00000 0.00000
1535.00000 0.00000
1536.00000 0.00000
1537.00000 0.00000
1538.00000 0.00000
1539.00000 0.00000
1540.00000 0.00000
1541.00000 0.00000
1542.00000 0.00000
1543.00000 0.00000
1544.00000 0.00000
1545.00000 0.00000
1546.00000 0.00000
1547.00000 0.00000
1548.00000 0.00000
1549.00000 0.00018
1550.00000 0.00821
1551.00000 0.16484
1552.00000 0.32580
1553.00000 0.07940
1554.00000 -0.00000
1555.00000 0.00001
1556.00000 0.00000
1557.00000 0.00000
1558.00000 0.00000
1559.00000 0.00000
1560.00000 0.00000
1561.00000 0.00000
1562.00000 0.00000
1563.00000 0.00000
1564.00000 0.00000
1565.00000 0.00000
1566.00000 0.00000
1567.00000 0.00000
1568.00000 0.00000
1569.00000 0.00000
1570.00000 0.00000
1571.00000 0.00000
1572.00000 0.00000
1573.00000 0.00000
1574.00000 0.00000
1575.00000 0.00000
1576.00000 0.00000
1577.00000 0.00000
1578.00000 0.00000
1579.00000 0.00000
1580.00000 0.00000
1581.00000 0.00000
1582.00000 0.00019
1583.00000 0.00165
1584.00000 0.06845
1585.00000 0.12984
1586.00000 0.10305
1587.00000 0.04339
1588.00000 0.04178
1589.00000 0.07894
1590.00000 0.03768
1591.00000 0.12447
1592.00000 0.24660
1593.00000 0.25318
1594.00000 0.31118
1595.00000 0.23948
1596.00000 0.25349
1597.00000 0.31129
1598.00000 0.37888
1599.00000 0.38259
1600.00000 0.28457
1601.00000 0.28853
1602.00000 0.28261
1603.00000 0.26024
1604.00000 0.28900
1605.00000 0.31763
1606.00000 0.38602
1607.00000 0.24045
1608.00000 0.33067
1609.00000 0.29787
1610.00000 0.20584
1611.00000 0.20335
1612.00000 0.25891
1613.00000 0.35499
1614.00000 0.32911
1615.00000 0.21971
1616.00000 0.20938
1617.00000 0.15095
1618.00000 0.23555
1619.00000 0.30042
1620.00000 0.32368
1621.00000 0.32570
1622.00000 0.49594
1623.00000 0.36664
1624.00000 0.27840
1625.00000 0.06825
1626.00000 0.05683
1627.00000 0.02399
1628.00000 0.00018
1629.00000 0.00000
1630.00000 0.00000
1631.00000 0.00000
1632.00000 0.00000
1633.00000 0.00000
1634.00000 0.00000
1635.00000 0.00000
1636.00000 0.00000
1637.00000 0.00000
1638.00000 0.00000
1639.00000 0.00000
1640.00000 0.00000
1641.00000 0.00000
1642.00000 0.00000
1643.00000 0.00001
1644.00000 -0.00000
1645.00000 0.05854
1646.00000 0.12320
1647.00000 0.10010
1648.00000 0.08733
1649.00000 0.15446
1650.00000 0.16989
1651.00000 0.03626
1652.00000 0.13529
1653.00000 0.18216
1654.00000 0.21173
1655.00000 0.19337
1656.00000 0.22088
1657.00000 0.25309
1658.00000 0.20273
1659.00000 0.13662
1660.00000 0.08875
1661.00000 0.00875
1662.00000 -0.00000
1663.00000 0.00000
1664.00000 0.00000
1665.00000 0.00000
1666.00000 0.00000
1667.00000 0.00000
1668.00000 0.00000
1669.00000 0.00000
1670.00000 0.00000
1671.00000 0.00000
1672.00000 0.00000
1673.00000 0.00000
1674.00000 0.00000
1675.00000 0.00000
1676.00000 0.00000
1677.00000 0.00000
1678.00000 0.00000
1679.00000 0.00000
1680.00000 0.00000
1681.00000 0.00000
1682.00000 0.00000
1683.00000 0.00000
1684.00000 0.00000
1685.00000 0.00000
1686.00000 0.00000
1687.00000 0.00000
1688.00000 0.00000
1689.00000 0.00000
1690.00000 0.00000
1691.00000 0.00000
1692.00000 0.00000
1693.00000 0.00000
1694.00000 0.00000
1695.00000 0.00000
1696.00000 0.00000
1697.00000 0.00000
1698.00000 0.00000
1699.00000 0.00001
1700.00000 -0.00000
1701.00000 0.02648
1702.00000 0.09058
1703.00000 0.10358
1704.00000 0.13440
1705.00000 0.17374
1706.00000 0.28828
1707.00000 0.32594
1708.00000 0.31709
1709.00000 0.29772
1710.00000 0.30446
1711.00000 0.34368
1712.00000 0.25901
1713.00000 0.26341
1714.00000 0.40778
1715.00000 0.46946
1716.00000 0.51334
1717.00000 0.51478
1718.00000 0.45391
1719.00000 0.48128
1720.00000 0.46533
1721.00000 0.45526
1722.00000 0.50979
1723.00000 0.38259
1724.00000 0.33097
1725.00000 0.31497
1726.00000 0.23337
1727.00000 0.27526
1728.00000 0.29662
1729.00000 0.28091
1730.00000 0.22152
1731.00000 0.23555
1732.00000 0.15000
1733.00000 0.02884
1734.00000 -0.00000
1735.00000 0.00000
1736.00000 0.00000
1737.00000 0.00000
1738.00000 0.00000
1739.00000 0.00000
1740.00000 0.00000
1741.00000 0.00000
1742.00000 0.00000
1743.00000 0.00000
1744.00000 0.00000
1745.00000 0.00000
1746.00000 0.00000
1747.00000 0.00000
1748.00000 0.00000
1749.00000 0.00000
1750.00000 0.00000
1751.00000 0.00000
1752.00000 0.00000
1753.00000 0.00000
1754.00000 0.00001
1755.00000 -0.00000
1756.00000 0.01133
1757.00000 0.15568
1758.00000 0.35294
1759.00000 0.39085
1760.00000 0.38918
1761.00000 0.20873
1762.00000 0.16927
1763.00000 0.20671
1764.00000 0.16376
1765.00000 0.10987
1766.00000 0.12309
1767.00000 0.32258
1768.00000 0.33254
1769.00000 0.26706
1770.00000 0.30777
1771.00000 0.33781
1772.00000 0.27463
1773.00000 0.29840
1774.00000 0.22715
1775.00000 0.23171
1776.00000 0.16084
1777.00000 0.10291
1778.00000 0.10567
1779.00000 0.13669
1780.00000 0.06708
1781.00000 -0.00000
1782.00000 0.00005
1783.00000 -0.00000
1784.00000 -0.00000
1785.00000 -0.00000
1786.00000 -0.00000
1787.00000 -0.00000
1788.00000 0.00060
1789.00000 0.00675
1790.00000 0.14425
1791.00000 0.11666
1792.00000 0.04573
1793.00000 0.03922
1794.00000 0.00060
1795.00000 0.00003
1796.00000 -0.00000
1797.00000 -0.00000
1798.00000 -0.00000
1799.00000 0.00000
1800.00000 0.00000
1801.00000 0.00002
1802.00000 -0.00000
1803.00000 0.01719
1804.00000 0.04117
1805.00000 -0.00000
1806.00000 0.00525
1807.00000 0.03946
1808.00000 0.02304
1809.00000 0.00069
1810.00000 0.03264
1811.00000 0.08342
1812.00000 0.11300
1813.00000 0.07255
1814.00000 0.00732
1815.00000 0.01917
1816.00000 0.00102
1817.00000 0.00337
1818.00000 0.00026
1819.00000 0.00551
1820.00000 0.13310
1821.00000 0.16281
1822.00000 0.19362
1823.00000 0.19638
1824.00000 0.22814
1825.00000 0.22149
1826.00000 0.25694
1827.00000 0.14129
1828.00000 0.10103
1829.00000 0.10611
1830.00000 0.12370
1831.00000 0.13836
1832.00000 0.13083
1833.00000 0.06403
1834.00000 0.05472
1835.00000 0.04588
1836.00000 0.04257
1837.00000 0.01045
1838.00000 0.05525
1839.00000 0.13776
1840.00000 0.11618
1841.00000 0.12061
1842.00000 0.18613
1843.00000 0.13263
1844.00000 0.05752
1845.00000 0.21324
1846.00000 0.29960
1847.00000 0.32839
1848.00000 0.28697
1849.00000 0.28027
1850.00000 0.23308
1851.00000 0.07749
1852.00000 0.02415
1853.00000 0.00796
1854.00000 0.04811
1855.00000 0.14752
1856.00000 0.25693
1857.00000 0.23448
1858.00000 0.15623
1859.00000 0.00792
1860.00000 0.00003
1861.00000 0.00001
1862.00000 0.00000
1863.00000 0.00000
1864.00000 0.00000
1865.00000 0.00044
1866.00000 0.00592
1867.00000 0.08170
1868.00000 0.07520
1869.00000 0.12556
1870.00000 0.11195
1871.00000 0.05073
1872.00000 -0.00000
1873.00000 0.00007
1874.00000 -0.00000
1875.00000 0.01561
1876.00000 0.01742
1877.00000 0.01112
1878.00000 0.01119
1879.00000 0.00344
1880.00000 0.01569
1881.00000 0.01041
1882.00000 0.19386
1883.00000 0.38105
1884.00000 0.55446
1885.00000 0.55304
1886.00000 0.51899
1887.00000 0.29513
1888.00000 0.01608
1889.00000 0.02182
1890.00000 0.05306
1891.00000 0.05477
1892.00000 0.02632
1893.00000 0.06036
1894.00000 0.02780
1895.00000 0.04121
1896.00000 0.01426
1897.00000 0.03344
1898.00000 0.02754
1899.00000 -0.00000
1900.00000 0.05946
1901.00000 0.04948
1902.00000 0.06366
1903.00000 0.02886
1904.00000 0.00824
1905.00000 0.10159
1906.00000 0.01159
1907.00000 0.00058
1908.00000 0.00000
1909.00000 -0.00000
1910.00000 0.00108
1911.00000 0.03206
1912.00000 0.01620
1913.00000 0.00680
1914.00000 0.01530
1915.00000 0.05382
1916.00000 0.05948
1917.00000 -0.00000
1918.00000 0.01040
1919.00000 0.00746
1920.00000 -0.00000
1921.00000 0.01186
1922.00000 0.01154
1923.00000 0.00843
1924.00000 0.00636
1925.00000 0.05861
1926.00000 0.00176
1927.00000 0.01500
1928.00000 0.23000
1929.00000 0.20543
1930.00000 0.12676
1931.00000 0.07675
1932.00000 0.01367
1933.00000 0.00914
1934.00000 0.10789
1935.00000 0.20242
1936.00000 0.23791
1937.00000 0.18524
1938.00000 0.21153
1939.00000 0.22817
1940.00000 0.21922
1941.00000 0.18391
1942.00000 0.09230
1943.00000 0.04085
1944.00000 0.12771
1945.00000 0.21632
1946.00000 0.30800
1947.00000 0.35591
1948.00000 0.56986
1949.00000 0.59446
1950.00000 0.61663
1951.00000 0.68638
1952.00000 0.63553
1953.00000 0.59256
1954.00000 0.57024
1955.00000 0.40033
1956.00000 0.38582
1957.00000 0.37385
1958.00000 0.36308
1959.00000 0.32279
1960.00000 0.24423
1961.00000 0.24264
1962.00000 0.23196
1963.00000 0.33648
1964.00000 0.25113
1965.00000 0.13899
1966.00000 0.14835
1967.00000 0.09258
1968.00000 0.01968
1969.00000 0.08664
1970.00000 0.10088
1971.00000 0.04678
1972.00000 0.05661
1973.00000 0.15371
1974.00000 0.16414
1975.00000 0.18435
1976.00000 0.12113
1977.00000 0.12953
1978.00000 0.15115
1979.00000 0.18070
1980.00000 0.33366
1981.00000 0.37787
1982.00000 0.37727
1983.00000 0.34024
1984.00000 0.30706
1985.00000 0.32946
1986.00000 0.23741
1987.00000 0.36903
1988.00000 0.41554
1989.00000 0.42774
1990.00000 0.45327
1991.00000 0.44927
1992.00000 0.37105
1993.00000 0.33209
1994.00000 0.40542
1995.00000 0.31608
1996.00000 0.26595
1997.00000 0.25135
1998.00000 0.29076
1999.00000 0.29645
2000.00000 0.24583
2001.00000 0.24743
2002.00000 0.27262
2003.00000 0.24870
2004.00000 0.35153
2005.00000 0.28356
2006.00000 0.19882
2007.00000 0.20384
2008.00000 0.14943
2009.00000 0.03863
2010.00000 0.08563
2011.00000 0.17106
2012.00000 0.07057
2013.00000 0.10966
2014.00000 0.13932
2015.00000 0.14556
2016.00000 0.08122
2017.00000 0.09663
2018.00000 0.09122
2019.00000 0.11182
2020.00000 0.13491
2021.00000 0.21132
2022.00000 0.11950
2023.00000 0.09730
2024.00000 0.15532
2025.00000 0.11247
2026.00000 0.16444
2027.00000 0.13670
2028.00000 0.10811
2029.00000 0.12821
2030.00000 0.06554
2031.00000 0.03136
2032.00000 0.09926
2033.00000 0.11971
2034.00000 0.18584
2035.00000 0.27446
2036.00000 0.25703
2037.00000 0.21756
2038.00000 0.25269
2039.00000 0.19445
2040.00000 0.10709
2041.00000 0.10587
2042.00000 0.08099
2043.00000 0.08757
2044.00000 0.10222
2045.00000 0.10133
2046.00000 0.07844
2047.00000 0.03860
2048.00000 0.02804
2049.00000 0.13268
2050.00000 0.16759
2051.00000 0.13480
2052.00000 0.15144
2053.00000 0.19256
2054.00000 0.30320
2055.00000 0.36063
2056.00000 0.37485
2057.00000 0.43188
2058.00000 0.44047
2059.00000 0.47709
2060.00000 0.48937
2061.00000 0.46038
2062.00000 0.47011
2063.00000 0.37707
2064.00000 0.36807
2065.00000 0.43810
2066.00000 0.51571
2067.00000 0.53369
2068.00000 0.46016
2069.00000 0.40562
2070.00000 0.25586
2071.00000 0.13345
2072.00000 0.11106
2073.00000 0.03943
2074.00000 0.10808
2075.00000 0.19899
2076.00000 0.26471
2077.00000 0.41943
2078.00000 0.49053
2079.00000 0.46586
2080.00000 0.36544
2081.00000 0.19392
2082.00000 0.10861
2083.00000 0.16583
2084.00000 0.14039
2085.00000 0.19794
2086.00000 0.23307
2087.00000 0.18848
2088.00000 0.19924
2089.00000 0.21650
2090.00000 0.11165
2091.00000 0.11151
2092.00000 0.09856
2093.00000 0.08072
2094.00000 0.18793
2095.00000 0.22003
2096.00000 0.14432
2097.00000 0.15351
2098.00000 0.21769
2099.00000 0.12637
2100.00000 0.12659
2101.00000 0.11160
2102.00000 0.11682
2103.00000 0.13617
2104.00000 0.19919
2105.00000 0.25945
2106.00000 0.28765
2107.00000 0.20356
2108.00000 0.17648
2109.00000 0.18192
2110.00000 0.14519
2111.00000 0.12447
2112.00000 0.17986
2113.00000 0.21341
2114.00000 0.18030
2115.00000 0.09594
2116.00000 0.00957
2117.00000 -0.00000
2118.00000 0.00002
2119.00000 0.00000
2120.00000 0.00000
2121.00000 0.00000
2122.00000 0.00000
2123.00000 0.00000
2124.00000 0.00000
2125.00000 0.00000
2126.00000 0.00000
2127.00000 0.00000
2128.00000 0.00000
2129.00000 0.00000
2130.00000 0.00000
2131.00000 0.00000
2132.00000 0.00000
2133.00000 0.00000
2134.00000 0.00000
2135.00000 0.00000
2136.00000 0.00000
2137.00000 0.00000
2138.00000 0.00000
2139.00000 0.00000
2140.00000 0.00000
2141.00000 0.00000
2142.00000 0.00000
2143.00000 0.00000
2144.00000 0.00000
2145.00000 0.00000
2146.00000 0.00000
2147.00000 0.00000
2148.00000 0.00000
2149.00000 0.00000
2150.00000 0.00000
2151.00000 0.00000
2152.00000 0.00000
2153.00000 0.00000
2154.00000 0.00000
2155.00000 0.00000
2156.00000 0.00000
2157.00000 0.00000
2158.00000 0.00000
2159.00000 0.00000
2160.00000 0.00000
2161.00000 0.00001
2162.00000 -0.00000
2163.00000 0.00293
2164.00000 0.03006
2165.00000 0.10658
2166.00000 0.13865
2167.00000 0.16799
2168.00000 0.19949
2169.00000 0.22119
2170.00000 0.18749
2171.00000 0.23069
2172.00000 0.28691
2173.00000 0.23786
2174.00000 0.16107
2175.00000 0.09801
2176.00000 0.07236
2177.00000 0.04486
2178.00000 0.05360
2179.00000 0.05815
2180.00000 0.00972
2181.00000 -0.00000
2182.00000 -0.00000
2183.00000 0.00227
2184.00000 0.04770
2185.00000 0.10265
2186.00000 0.12245
2187.00000 0.05960
2188.00000 0.03784
2189.00000 0.00670
2190.00000 0.00933
2191.00000 0.03864
2192.00000 0.00683
2193.00000 -0.00000
2194.00000 0.00000
2195.00000 0.00000
2196.00000 0.00000
2197.00000 0.00000
2198.00000 0.00001
2199.00000 -0.00000
2200.00000 0.00144
2201.00000 0.00857
2202.00000 0.01732
2203.00000 0.02596
2204.00000 0.03461
2205.00000 0.04361
2206.00000 0.05539
2207.00000 0.06751
2208.00000 0.07959
2209.00000 0.09196
2210.00000 0.09910
2211.00000 0.08686
2212.00000 0.06921
2213.00000 0.05195
2214.00000 0.03426
2215.00000 0.02387
2216.00000 0.05360
2217.00000 0.09006
2218.00000 0.12629
2219.00000 0.16306
2220.00000 0.18951
2221.00000 0.17373
2222.00000 0.14709
2223.00000 0.12118
2224.00000 0.09511
2225.00000 0.07084
2226.00000 0.05537
2227.00000 0.04156
2228.00000 0.02772
2229.00000 0.01378
2230.00000 0.00210
2231.00000 -0.00000
2232.00000 0.00001
2233.00000 0.00000
2234.00000 0.00000
2235.00000 0.00000
2236.00000 0.00000
2237.00000 0.00000
2238.00000 0.00002
2239.00000 -0.00000
2240.00000 0.00220
2241.00000 0.01370
2242.00000 0.02771
2243.00000 0.04155
2244.00000 0.05532
2245.00000 0.07057
2246.00000 0.09519
2247.00000 0.12117
2248.00000 0.14709
2249.00000 0.17339
2250.00000 0.19383
2251.00000 0.19422
2252.00000 0.18864
2253.00000 0.18349
2254.00000 0.17829
2255.00000 0.17325
2256.00000 0.16963
2257.00000 0.16618
2258.00000 0.16272
2259.00000 0.15921
2260.00000 0.15636
2261.00000 0.15576
2262.00000 0.15579
2263.00000 0.15579
2264.00000 0.15578
2265.00000 0.15626
2266.00000 0.15922
2267.00000 0.16272
2268.00000 0.16619
2269.00000 0.16938
2270.00000 0.17703
2271.00000 0.20767
2272.00000 0.24237
2273.00000 0.27687
2274.00000 0.31216
2275.00000 0.33653
2276.00000 0.32436
2277.00000 0.30112
2278.00000 0.27870
2279.00000 0.25617
2280.00000 0.23611
2281.00000 0.23354
2282.00000 0.23369
2283.00000 0.23367
2284.00000 0.23381
2285.00000 0.23196
2286.00000 0.22161
2287.00000 0.20943
2288.00000 0.19740
2289.00000 0.18476
2290.00000 0.18098
2291.00000 0.20716
2292.00000 0.24240
2293.00000 0.27694
2294.00000 0.31158
2295.00000 0.34426
2296.00000 0.36363
2297.00000 0.38081
2298.00000 0.39811
2299.00000 0.41567
2300.00000 0.42960
2301.00000 0.42587
2302.00000 0.41888
2303.00000 0.41199
2304.00000 0.40495
2305.00000 0.39961
2306.00000 0.39976
2307.00000 0.40160
2308.00000 0.40333
2309.00000 0.40501
2310.00000 0.40804
2311.00000 0.41707
2312.00000 0.42756
2313.00000 0.43794
2314.00000 0.44833
2315.00000 0.45857
2316.00000 0.46737
2317.00000 0.47602
2318.00000 0.48465
2319.00000 0.49357
2320.00000 0.49896
2321.00000 0.48995
2322.00000 0.47773
2323.00000 0.46566
2324.00000 0.45335
2325.00000 0.44379
2326.00000 0.44297
2327.00000 0.44489
2328.00000 0.44660
2329.00000 0.44830
2330.00000 0.45085
2331.00000 0.45691
2332.00000 0.46391
2333.00000 0.47082
2334.00000 0.47778
2335.00000 0.48234
2336.00000 0.46926
2337.00000 0.45351
2338.00000 0.43795
2339.00000 0.42227
2340.00000 0.40811
2341.00000 0.40331
2342.00000 0.39986
2343.00000 0.39640
2344.00000 0.39285
2345.00000 0.39053
2346.00000 0.39290
2347.00000 0.39641
2348.00000 0.39983
2349.00000 0.40352
2350.00000 0.40410
2351.00000 0.39484
2352.00000 0.38252
2353.00000 0.37047
2354.00000 0.35810
2355.00000 0.34999
2356.00000 0.35628
2357.00000 0.36701
2358.00000 0.37733
2359.00000 0.38783
2360.00000 0.39508
2361.00000 0.38800
2362.00000 0.37733
2363.00000 0.36697
2364.00000 0.35657
2365.00000 0.34739
2366.00000 0.34610
2367.00000 0.34621
2368.00000 0.34620
2369.00000 0.34618
2370.00000 0.34648
2371.00000 0.34964
2372.00000 0.35312
2373.00000 0.35658
2374.00000 0.36003
2375.00000 0.36369
2376.00000 0.36870
2377.00000 0.37389
2378.00000 0.37908
2379.00000 0.38434
2380.00000 0.38880
2381.00000 0.38948
2382.00000 0.38947
2383.00000 0.38946
2384.00000 0.38954
2385.00000 0.38870
2386.00000 0.38430
2387.00000 0.37908
2388.00000 0.37392
2389.00000 0.36843
2390.00000 0.36656
2391.00000 0.37722
2392.00000 0.39123
2393.00000 0.40501
2394.00000 0.41920
2395.00000 0.42927
2396.00000 0.42601
2397.00000 0.41887
2398.00000 0.41199
2399.00000 0.40495
2400.00000 0.39932
2401.00000 0.39805
2402.00000 0.39814
2403.00000 0.39807
2404.00000 0.39852
2405.00000 0.39331
2406.00000 0.37074
2407.00000 0.34268
2408.00000 0.31510
2409.00000 0.28695
2410.00000 0.26449
2411.00000 0.25932
2412.00000 0.25970
2413.00000 0.25965
2414.00000 0.25965
2415.00000 0.25965
2416.00000 0.25965
2417.00000 0.25965
2418.00000 0.25965
2419.00000 0.25965
2420.00000 0.25965
2421.00000 0.25965
2422.00000 0.25965
2423.00000 0.25966
2424.00000 0.25960
2425.00000 0.26025
2426.00000 0.26307
2427.00000 0.26658
2428.00000 0.27005
2429.00000 0.27334
2430.00000 0.27872
2431.00000 0.29071
2432.00000 0.30467
2433.00000 0.31849
2434.00000 0.33242
2435.00000 0.34535
2436.00000 0.35489
2437.00000 0.36350
2438.00000 0.37214
2439.00000 0.38094
2440.00000 0.38816
2441.00000 0.38952
2442.00000 0.38946
2443.00000 0.38946
2444.00000 0.38959
2445.00000 0.38831
2446.00000 0.38084
2447.00000 0.37215
2448.00000 0.36353
2449.00000 0.35468
2450.00000 0.34810
2451.00000 0.35482
2452.00000 0.36352
2453.00000 0.37217
2454.00000 0.38072
2455.00000 0.39070
2456.00000 0.41362
2457.00000 0.43794
2458.00000 0.46216
2459.00000 0.48646
2460.00000 0.50785
2461.00000 0.50918
2462.00000 0.50715
2463.00000 0.50547
2464.00000 0.50365
2465.00000 0.50469
2466.00000 0.51902
2467.00000 0.53664
2468.00000 0.55387
2469.00000 0.57145
2470.00000 0.58416
2471.00000 0.58030
2472.00000 0.57117
2473.00000 0.56260
2474.00000 0.55375
2475.00000 0.54744
2476.00000 0.54855
2477.00000 0.55221
2478.00000 0.55564
2479.00000 0.55916
2480.00000 0.56199
2481.00000 0.56260
2482.00000 0.56256
2483.00000 0.56259
2484.00000 0.56245
2485.00000 0.56370
2486.00000 0.57121
2487.00000 0.57989
2488.00000 0.58853
2489.00000 0.59726
2490.00000 0.60505
2491.00000 0.60418
2492.00000 0.60238
2493.00000 0.60065
2494.00000 0.59892
2495.00000 0.59719
2496.00000 0.59546
2497.00000 0.59373
2498.00000 0.59203
2499.00000 0.59011
2500.00000 0.59097
2501.00000 0.60042
2502.00000 0.61281
2503.00000 0.62482
2504.00000 0.63750
2505.00000 0.64400
2506.00000 0.63212
2507.00000 0.61444
2508.00000 0.59720
2509.00000 0.57988
2510.00000 0.56257
2511.00000 0.54526
2512.00000 0.52795
2513.00000 0.51067
2514.00000 0.49324
2515.00000 0.47953
2516.00000 0.49296
2517.00000 0.51068
2518.00000 0.52788
2519.00000 0.54554
2520.00000 0.55680
2521.00000 0.54587
2522.00000 0.52787
2523.00000 0.51073
2524.00000 0.49274
2525.00000 0.48217
2526.00000 0.49292
2527.00000 0.51072
2528.00000 0.52790
2529.00000 0.54565
2530.00000 0.55906
2531.00000 0.55052
2532.00000 0.53831
2533.00000 0.52626
2534.00000 0.51401
2535.00000 0.50750
2536.00000 0.53425
2537.00000 0.56785
2538.00000 0.60050
2539.00000 0.63430
2540.00000 0.65610
2541.00000 0.64316
2542.00000 0.61781
2543.00000 0.59373
2544.00000 0.56947
2545.00000 0.54553
2546.00000 0.52275
2547.00000 0.50026
2548.00000 0.47777
2549.00000 0.45519
2550.00000 0.43458
2551.00000 0.42908
2552.00000 0.42585
2553.00000 0.42241
2554.00000 0.41866
2555.00000 0.41912
2556.00000 0.43237
2557.00000 0.45011
2558.00000 0.46732
2559.00000 0.48496
2560.00000 0.49957
2561.00000 0.50380
2562.00000 0.50542
2563.00000 0.50717
2564.00000 0.50895
2565.00000 0.50922
2566.00000 0.49870
2567.00000 0.48639
2568.00000 0.47430
2569.00000 0.46213
2570.00000 0.45069
2571.00000 0.44134
2572.00000 0.43276
2573.00000 0.42413
2574.00000 0.41516
2575.00000 0.40909
2576.00000 0.41539
2577.00000 0.42411
2578.00000 0.43274
2579.00000 0.44143
2580.00000 0.44885
2581.00000 0.45020
2582.00000 0.45004
2583.00000 0.45005
2584.00000 0.45009
2585.00000 0.44975
2586.00000 0.44835
2587.00000 0.44659
2588.00000 0.44485
2589.00000 0.44324
2590.00000 0.44051
2591.00000 0.42766
2592.00000 0.41369
2593.00000 0.39988
2594.00000 0.38590
2595.00000 0.37373
2596.00000 0.36681
2597.00000 0.36180
2598.00000 0.35665
2599.00000 0.35089
2600.00000 0.35013
2601.00000 0.37209
2602.00000 0.39816
2603.00000 0.42408
2604.00000 0.45008
2605.00000 0.47518
2606.00000 0.49688
2607.00000 0.51755
2608.00000 0.53820
2609.00000 0.56007
2610.00000 0.57196
2611.00000 0.55074
2612.00000 0.52095
2613.00000 0.49164
2614.00000 0.46208
2615.00000 0.43723
2616.00000 0.43563
2617.00000 0.43975
2618.00000 0.44320
2619.00000 0.44615
2620.00000 0.45395
2621.00000 0.47582
2622.00000 0.50204
2623.00000 0.52793
2624.00000 0.55399
2625.00000 0.57612
2626.00000 0.57519
2627.00000 0.56942
2628.00000 0.56416
2629.00000 0.56000
2630.00000 0.54591
2631.00000 0.50420
2632.00000 0.45341
2633.00000 0.40338
2634.00000 0.35303
2635.00000 0.30804
2636.00000 0.29530
2637.00000 0.28918
2638.00000 0.28211
2639.00000 0.27547
2640.00000 0.26616
2641.00000 0.24938
2642.00000 0.23020
2643.00000 0.21121
2644.00000 0.19209
2645.00000 0.17600
2646.00000 0.17617
2647.00000 0.18008
2648.00000 0.18344
2649.00000 0.18727
2650.00000 0.18780
2651.00000 0.17841
2652.00000 0.16615
2653.00000 0.15408
2654.00000 0.14185
2655.00000 0.13295
2656.00000 0.13806
2657.00000 0.14720
2658.00000 0.15579
2659.00000 0.16444
2660.00000 0.17310
2661.00000 0.18175
2662.00000 0.19041
2663.00000 0.19904
2664.00000 0.20780
2665.00000 0.21485
2666.00000 0.21655
2667.00000 0.21634
2668.00000 0.21637
2669.00000 0.21637
2670.00000 0.21637
2671.00000 0.21637
2672.00000 0.21637
2673.00000 0.21640
2674.00000 0.21622
2675.00000 0.21801
2676.00000 0.22488
2677.00000 0.23371
2678.00000 0.24234
2679.00000 0.25097
2680.00000 0.26021
2681.00000 0.27341
2682.00000 0.28736
2683.00000 0.30117
2684.00000 0.31519
2685.00000 0.32774
2686.00000 0.33586
2687.00000 0.34272
2688.00000 0.34964
2689.00000 0.35667
2690.00000 0.36173
2691.00000 0.36027
2692.00000 0.35655
2693.00000 0.35309
2694.00000 0.34986
2695.00000 0.34491
2696.00000 0.32897
2697.00000 0.31157
2698.00000 0.29439
2699.00000 0.27625
2700.00000 0.26613
2701.00000 0.27646
2702.00000 0.29437
2703.00000 0.31160
2704.00000 0.32882
2705.00000 0.34874
2706.00000 0.38046
2707.00000 0.41550
2708.00000 0.44996
2709.00000 0.48533
2710.00000 0.51499
2711.00000 0.51768
2712.00000 0.51580
2713.00000 0.51411
2714.00000 0.51230
2715.00000 0.51130
2716.00000 0.51232
2717.00000 0.51411
2718.00000 0.51583
2719.00000 0.51757
2720.00000 0.51905
2721.00000 0.51933
2722.00000 0.51929
2723.00000 0.51929
2724.00000 0.51936
2725.00000 0.51891
2726.00000 0.51585
2727.00000 0.51237
2728.00000 0.50890
2729.00000 0.50549
2730.00000 0.50166
2731.00000 0.49682
2732.00000 0.49160
2733.00000 0.48646
2734.00000 0.48101
2735.00000 0.48117
2736.00000 0.50126
2737.00000 0.52806
2738.00000 0.55386
2739.00000 0.58024
2740.00000 0.60384
2741.00000 0.60445
2742.00000 0.60232
2743.00000 0.60064
2744.00000 0.59900
2745.00000 0.59662
2746.00000 0.59202
2747.00000 0.58680
2748.00000 0.58162
2749.00000 0.57639
2750.00000 0.57156
2751.00000 0.56773
2752.00000 0.56431
2753.00000 0.56081
2754.00000 0.55747
2755.00000 0.54982
2756.00000 0.52167
2757.00000 0.48803
2758.00000 0.45526
2759.00000 0.42224
2760.00000 0.39012
2761.00000 0.36346
2762.00000 0.33755
2763.00000 0.31163
2764.00000 0.28529
2765.00000 0.26201
2766.00000 0.24743
2767.00000 0.23544
2768.00000 0.22330
2769.00000 0.21115
2770.00000 0.19940
2771.00000 0.18864
2772.00000 0.17830
2773.00000 0.16791
2774.00000 0.15749
2775.00000 0.14822
2776.00000 0.14351
2777.00000 0.14024
2778.00000 0.13678
2779.00000 0.13312
2780.00000 0.13128
2781.00000 0.14340
2782.00000 0.15757
2783.00000 0.17118
2784.00000 0.18632
2785.00000 0.19240
2786.00000 0.16288
2787.00000 0.12632
2788.00000 0.09018
2789.00000 0.05254
2790.00000 0.02588
2791.00000 0.02718
2792.00000 0.03819
2793.00000 0.04843
2794.00000 0.05905
2795.00000 0.06688
2796.00000 0.06777
2797.00000 0.06573
2798.00000 0.06404
2799.00000 0.06235
2800.00000 0.05972
2801.00000 0.05379
2802.00000 0.04672
2803.00000 0.03983
2804.00000 0.03283
2805.00000 0.02774
2806.00000 0.03430
2807.00000 0.04333
2808.00000 0.05187
2809.00000 0.06088
2810.00000 0.06774
2811.00000 0.06075
2812.00000 0.05190
2813.00000 0.04331
2814.00000 0.03442
2815.00000 0.02718
2816.00000 0.02594
2817.00000 0.02597
2818.00000 0.02621
2819.00000 0.02453
2820.00000 0.03614
2821.00000 0.08256
2822.00000 0.14032
2823.00000 0.19727
2824.00000 0.25491
2825.00000 0.30749
2826.00000 0.34827
2827.00000 0.38420
2828.00000 0.42054
2829.00000 0.45740
2830.00000 0.48797
2831.00000 0.50263
2832.00000 0.51053
2833.00000 0.51932
2834.00000 0.52784
2835.00000 0.53904
2836.00000 0.55876
2837.00000 0.58166
2838.00000 0.60409
2839.00000 0.62671
2840.00000 0.64528
2841.00000 0.64631
2842.00000 0.64209
2843.00000 0.63873
2844.00000 0.63528
2845.00000 0.63161
2846.00000 0.62666
2847.00000 0.62142
2848.00000 0.61622
2849.00000 0.61110
2850.00000 0.60542
2851.00000 0.59555
2852.00000 0.58505
2853.00000 0.57467
2854.00000 0.56440
2855.00000 0.55347
2856.00000 0.53839
2857.00000 0.52275
2858.00000 0.50726
2859.00000 0.49115
2860.00000 0.47834
2861.00000 0.48111
2862.00000 0.48643
2863.00000 0.49161
2864.00000 0.49675
2865.00000 0.50222
2866.00000 0.50891
2867.00000 0.51583
2868.00000 0.52267
2869.00000 0.53018
2870.00000 0.53376
2871.00000 0.52456
2872.00000 0.51235
2873.00000 0.50027
2874.00000 0.48805
2875.00000 0.47658
2876.00000 0.46735
2877.00000 0.45872
2878.00000 0.45008
2879.00000 0.44131
2880.00000 0.43334
2881.00000 0.42753
2882.00000 0.42237
2883.00000 0.41718
2884.00000 0.41193
2885.00000 0.40709
2886.00000 0.40331
2887.00000 0.39986
2888.00000 0.39638
2889.00000 0.39303
2890.00000 0.38885
2891.00000 0.38258
2892.00000 0.37562
2893.00000 0.36861
2894.00000 0.36229
2895.00000 0.35141
2896.00000 0.32906
2897.00000 0.30289
2898.00000 0.27709
2899.00000 0.25018
2900.00000 0.23032
2901.00000 0.22824
2902.00000 0.23200
2903.00000 0.23540
2904.00000 0.23897
2905.00000 0.24173
2906.00000 0.24236
2907.00000 0.24233
2908.00000 0.24234
2909.00000 0.24234
2910.00000 0.24234
2911.00000 0.24234
2912.00000 0.24234
2913.00000 0.24235
2914.00000 0.24229
2915.00000 0.24262
2916.00000 0.24406
2917.00000 0.24580
2918.00000 0.24770
2919.00000 0.24831
2920.00000 0.25627
2921.00000 0.28720
2922.00000 0.32371
2923.00000 0.35996
2924.00000 0.39689
2925.00000 0.43013
2926.00000 0.45012
2927.00000 0.46735
2928.00000 0.48451
2929.00000 0.50285
2930.00000 0.51527
2931.00000 0.50216
2932.00000 0.48464
2933.00000 0.46741
2934.00000 0.44976
2935.00000 0.43401
2936.00000 0.42914
2937.00000 0.42586
2938.00000 0.42241
2939.00000 0.41866
2940.00000 0.41662
2941.00000 0.42724
2942.00000 0.43972
2943.00000 0.45176
2944.00000 0.46403
2945.00000 0.47376
2946.00000 0.46787
2947.00000 0.45861
2948.00000 0.45006
2949.00000 0.44142
2950.00000 0.43201
2951.00000 0.41904
2952.00000 0.40503
2953.00000 0.39122
2954.00000 0.37731
2955.00000 0.36500
2956.00000 0.35806
2957.00000 0.35317
2958.00000 0.34799
2959.00000 0.34241
2960.00000 0.34228
2961.00000 0.35592
2962.00000 0.37574
2963.00000 0.39456
2964.00000 0.41432
2965.00000 0.42709
2966.00000 0.42469
2967.00000 0.41533
2968.00000 0.40674
2969.00000 0.39832
2970.00000 0.38813
2971.00000 0.37398
2972.00000 0.35830
2973.00000 0.34295
2974.00000 0.32597
2975.00000 0.31806
2976.00000 0.33564
2977.00000 0.36007
2978.00000 0.38417
2979.00000 0.40915
2980.00000 0.43000
2981.00000 0.43289
2982.00000 0.43271
2983.00000 0.43259
2984.00000 0.43340
2985.00000 0.42869
2986.00000 0.38537
2987.00000 0.33561
2988.00000 0.28738
2989.00000 0.23880
2990.00000 0.19443
2991.00000 0.16882
2992.00000 0.14904
2993.00000 0.12821
2994.00000 0.10652
2995.00000 0.10045
2996.00000 0.13637
2997.00000 0.19078
2998.00000 0.24202
2999.00000 0.29600
3000.00000 0.33124
3001.00000 0.32692
3002.00000 0.30440
3003.00000 0.28374
3004.00000 0.26385
3005.00000 0.23802
3006.00000 0.19750
3007.00000 0.15231
3008.00000 0.10753
3009.00000 0.06119
3010.00000 0.02206
3011.00000 0.01360
3012.00000 0.01045
3013.00000 0.00697
3014.00000 0.00332
3015.00000 0.00179
3016.00000 0.01339
3017.00000 0.02776
3018.00000 0.04152
3019.00000 0.05557
3020.00000 0.06436
3021.00000 0.05625
3022.00000 0.04139
3023.00000 0.02782
3024.00000 0.01316
3025.00000 0.00647
3026.00000 0.01660
3027.00000 0.03474
3028.00000 0.05191
3029.00000 0.06935
3030.00000 0.08594
3031.00000 0.10042
3032.00000 0.11424
3033.00000 0.12787
3034.00000 0.14299
3035.00000 0.15195
3036.00000 0.12858
3037.00000 0.10031
3038.00000 0.07270
3039.00000 0.04486
3040.00000 0.02315
3041.00000 0.02989
3042.00000 0.04524
3043.00000 0.05881
3044.00000 0.07298
3045.00000 0.08302
3046.00000 0.08357
3047.00000 0.07954
3048.00000 0.07615
3049.00000 0.07276
3050.00000 0.06891
3051.00000 0.06406
3052.00000 0.05885
3053.00000 0.05374
3054.00000 0.04809
3055.00000 0.04465
3056.00000 0.05179
3057.00000 0.06062
3058.00000 0.06924
3059.00000 0.07789
3060.00000 0.08680
3061.00000 0.09688
3062.00000 0.10732
3063.00000 0.11762
3064.00000 0.12865
3065.00000 0.13270
3066.00000 0.12188
3067.00000 0.10374
3068.00000 0.08682
3069.00000 0.06772
3070.00000 0.05982
3071.00000 0.08114
3072.00000 0.11078
3073.00000 0.14005
3074.00000 0.17045
3075.00000 0.19499
3076.00000 0.17956
3077.00000 0.15725
3078.00000 0.13674
3079.00000 0.11596
3080.00000 0.09554
3081.00000 0.07611
3082.00000 0.05713
3083.00000 0.03818
3084.00000 0.01845
3085.00000 0.00377
3086.00000 -0.00000
3087.00000 0.00002
3088.00000 0.00001
3089.00000 0.00000
3090.00000 0.00000
3091.00000 0.00036
3092.00000 -0.00000
3093.00000 0.00095
3094.00000 0.08523
3095.00000 0.12830
3096.00000 0.09317
3097.00000 0.13503
3098.00000 0.09338
3099.00000 0.02765
3100.00000 0.09215
3101.00000 0.17442
3102.00000 0.18336
3103.00000 0.13746
3104.00000 0.15190
3105.00000 0.17291
3106.00000 0.19550
3107.00000 0.25349
3108.00000 0.28972
3109.00000 0.25598
3110.00000 0.17316
3111.00000 0.22500
3112.00000 0.20779
3113.00000 0.10807
3114.00000 0.20811
3115.00000 0.32231
3116.00000 0.40541
3117.00000 0.50822
3118.00000 0.34107
3119.00000 0.28396
3120.00000 0.15466
3121.00000 0.27786
3122.00000 0.21800
3123.00000 0.15263
3124.00000 0.16475
3125.00000 0.18649
3126.00000 0.22250
3127.00000 0.15935
3128.00000 0.18799
3129.00000 0.31476
3130.00000 0.28919
3131.00000 0.25654
3132.00000 0.23988
3133.00000 0.22384
3134.00000 0.34241
3135.00000 0.22441
3136.00000 0.21984
3137.00000 0.28480
3138.00000 0.29176
3139.00000 0.16725
3140.00000 0.07522
3141.00000 0.08115
3142.00000 0.12211
3143.00000 0.13896
3144.00000 0.10531
3145.00000 0.13062
3146.00000 0.15354
3147.00000 0.13085
3148.00000 0.13364
3149.00000 0.17176
3150.00000 0.14108
3151.00000 0.21824
3152.00000 0.22963
3153.00000 0.18927
3154.00000 0.16210
3155.00000 0.18103
3156.00000 0.23615
3157.00000 0.14578
3158.00000 0.13074
3159.00000 0.19105
3160.00000 0.27041
3161.00000 0.29910
3162.00000 0.38927
3163.00000 0.40705
3164.00000 0.43344
3165.00000 0.39868
3166.00000 0.29625
3167.00000 0.29749
3168.00000 0.33145
3169.00000 0.31985
3170.00000 0.36307
3171.00000 0.34987
3172.00000 0.21693
3173.00000 0.09293
3174.00000 0.11425
3175.00000 0.20947
3176.00000 0.25688
3177.00000 0.30953
3178.00000 0.39638
3179.00000 0.43788
3180.00000 0.46041
3181.00000 0.50246
3182.00000 0.50672
3183.00000 0.58096
3184.00000 0.59689
3185.00000 0.52370
3186.00000 0.48848
3187.00000 0.55647
3188.00000 0.58623
3189.00000 0.47319
3190.00000 0.37382
3191.00000 0.44786
3192.00000 0.59520
3193.00000 0.68143
3194.00000 0.65450
3195.00000 0.60189
3196.00000 0.53944
3197.00000 0.40524
3198.00000 0.32969
3199.00000 0.25425
3200.00000 0.14857
3201.00000 0.12724
3202.00000 0.13220
3203.00000 0.18147
3204.00000 0.21354
3205.00000 0.19864
3206.00000 0.14109
3207.00000 0.19703
3208.00000 0.31360
3209.00000 0.42905
3210.00000 0.49330
3211.00000 0.49249
3212.00000 0.49557
3213.00000 0.47586
3214.00000 0.43901
3215.00000 0.31107
3216.00000 0.16421
3217.00000 0.22457
3218.00000 0.25033
3219.00000 0.23445
3220.00000 0.21597
3221.00000 0.17032
3222.00000 0.22418
3223.00000 0.30402
3224.00000 0.36782
3225.00000 0.36816
3226.00000 0.47591
3227.00000 0.57986
3228.00000 0.56301
3229.00000 0.50836
3230.00000 0.46584
3231.00000 0.41963
3232.00000 0.41345
3233.00000 0.45633
3234.00000 0.51267
3235.00000 0.49797
3236.00000 0.39432
3237.00000 0.43303
3238.00000 0.36707
3239.00000 0.35383
3240.00000 0.44744
3241.00000 0.36842
3242.00000 0.40289
3243.00000 0.47267
3244.00000 0.50524
3245.00000 0.46145
3246.00000 0.45637
3247.00000 0.50573
3248.00000 0.58003
3249.00000 0.55426
3250.00000 0.46782
3251.00000 0.50790
3252.00000 0.51283
3253.00000 0.57165
3254.00000 0.55517
3255.00000 0.68971
3256.00000 0.74450
3257.00000 0.66082
3258.00000 0.61942
3259.00000 0.58428
3260.00000 0.48756
3261.00000 0.42285
3262.00000 0.39817
3263.00000 0.35718
3264.00000 0.43045
3265.00000 0.46742
3266.00000 0.40399
3267.00000 0.39019
3268.00000 0.44520
3269.00000 0.44943
3270.00000 0.40275
3271.00000 0.36367
3272.00000 0.44997
3273.00000 0.46154
3274.00000 0.55532
3275.00000 0.63849
3276.00000 0.65777
3277.00000 0.78111
3278.00000 0.77512
3279.00000 0.62708
3280.00000 0.65557
3281.00000 0.68596
3282.00000 0.61833
3283.00000 0.49972
3284.00000 0.41795
3285.00000 0.42557
3286.00000 0.46643
3287.00000 0.47171
3288.00000 0.46588
3289.00000 0.37638
3290.00000 0.41902
3291.00000 0.48092
3292.00000 0.42936
3293.00000 0.36897
3294.00000 0.37874
3295.00000 0.44035
3296.00000 0.54284
3297.00000 0.54368
3298.00000 0.41429
3299.00000 0.28796
3300.00000 0.32886
3301.00000 0.37983
3302.00000 0.33141
3303.00000 0.40345
3304.00000 0.44964
3305.00000 0.45639
3306.00000 0.36813
3307.00000 0.33889
3308.00000 0.33014
3309.00000 0.33354
3310.00000 0.39345
3311.00000 0.36834
3312.00000 0.32677
3313.00000 0.35249
3314.00000 0.33748
3315.00000 0.33689
3316.00000 0.36861
3317.00000 0.28620
3318.00000 0.17245
3319.00000 0.26556
3320.00000 0.31911
3321.00000 0.33000
3322.00000 0.30844
3323.00000 0.34613
3324.00000 0.36648
3325.00000 0.31421
3326.00000 0.29349
3327.00000 0.30797
3328.00000 0.29802
3329.00000 0.25934
3330.00000 0.26192
3331.00000 0.30675
3332.00000 0.28180
3333.00000 0.24268
3334.00000 0.31769
3335.00000 0.36006
3336.00000 0.39287
3337.00000 0.42635
3338.00000 0.31525
3339.00000 0.34232
3340.00000 0.41100
3341.00000 0.25363
3342.00000 0.21919
3343.00000 0.30069
3344.00000 0.24011
3345.00000 0.18400
3346.00000 0.22670
3347.00000 0.24918
3348.00000 0.23174
3349.00000 0.27483
3350.00000 0.30951
3351.00000 0.27114
3352.00000 0.24718
3353.00000 0.23274
3354.00000 0.19666
3355.00000 0.17355
3356.00000 0.18906
3357.00000 0.20563
3358.00000 0.21326
3359.00000 0.20296
3360.00000 0.23702
3361.00000 0.25590
3362.00000 0.21619
3363.00000 0.20963
3364.00000 0.26260
3365.00000 0.22336
3366.00000 0.13398
3367.00000 0.15268
3368.00000 0.27156
3369.00000 0.25757
3370.00000 0.14315
3371.00000 0.20658
3372.00000 0.28801
3373.00000 0.27227
3374.00000 0.24246
3375.00000 0.21456
3376.00000 0.20602
3377.00000 0.25179
3378.00000 0.30052
3379.00000 0.30063
3380.00000 0.33997
3381.00000 0.30255
3382.00000 0.21565
3383.00000 0.19166
3384.00000 0.20715
3385.00000 0.19538
3386.00000 0.21325
3387.00000 0.18652
3388.00000 0.14784
3389.00000 0.19919
3390.00000 0.26563
3391.00000 0.26238
3392.00000 0.26970
3393.00000 0.29356
3394.00000 0.33882
3395.00000 0.36015
3396.00000 0.31915
3397.00000 0.27128
3398.00000 0.28924
3399.00000 0.32229
3400.00000 0.28965
3401.00000 0.34534
3402.00000 0.44623
3403.00000 0.45819
3404.00000 0.36517
3405.00000 0.28264
3406.00000 0.30781
3407.00000 0.39148
3408.00000 0.44227
3409.00000 0.39202
3410.00000 0.34288
3411.00000 0.35131
3412.00000 0.32746
3413.00000 0.29547
3414.00000 0.30528
3415.00000 0.29139
3416.00000 0.30074
3417.00000 0.29700
3418.00000 0.23936
3419.00000 0.22460
3420.00000 0.19241
3421.00000 0.22798
3422.00000 0.25368
3423.00000 0.25791
3424.00000 0.26465
3425.00000 0.23459
3426.00000 0.18183
3427.00000 0.13158
3428.00000 0.10999
3429.00000 0.09040
3430.00000 0.08969
3431.00000 0.13691
3432.00000 0.18346
3433.00000 0.20784
3434.00000 0.25273
3435.00000 0.24682
3436.00000 0.24028
3437.00000 0.26327
3438.00000 0.24249
3439.00000 0.26632
3440.00000 0.34082
3441.00000 0.35534
3442.00000 0.33246
3443.00000 0.32207
3444.00000 0.30242
3445.00000 0.25918
3446.00000 0.15157
3447.00000 0.11483
3448.00000 0.12451
3449.00000 0.17526
3450.00000 0.25153
3451.00000 0.23316
3452.00000 0.23586
3453.00000 0.26019
3454.00000 0.27734
3455.00000 0.29250
3456.00000 0.32585
3457.00000 0.33907
3458.00000 0.25890
3459.00000 0.26911
3460.00000 0.27031
3461.00000 0.24952
3462.00000 0.27308
3463.00000 0.28672
3464.00000 0.28586
3465.00000 0.29176
3466.00000 0.31025
3467.00000 0.34552
3468.00000 0.37912
3469.00000 0.36290
3470.00000 0.29323
3471.00000 0.28026
3472.00000 0.30512
3473.00000 0.30624
3474.00000 0.29764
3475.00000 0.30702
3476.00000 0.28827
3477.00000 0.29635
3478.00000 0.26762
3479.00000 0.22286
3480.00000 0.22309
3481.00000 0.24265
3482.00000 0.24056
3483.00000 0.22104
3484.00000 0.26794
3485.00000 0.28840
3486.00000 0.22095
3487.00000 0.19606
3488.00000 0.25139
3489.00000 0.29746
3490.00000 0.31931
3491.00000 0.31955
3492.00000 0.31547
3493.00000 0.34769
3494.00000 0.40604
3495.00000 0.48089
3496.00000 0.43386
3497.00000 0.35058
3498.00000 0.33130
3499.00000 0.26511
